2020_iah-belgium_abitm/a-brief-introduction-to-modelmuse_data-based-modelling/data/aquifer-bottom.asc
NCOLS 350 
NROWS 276 
XLLCORNER 193000 
YLLCORNER 178300 
CELLSIZE 100 
NODATA_value -9999 
[rows 110 to 131 of 276, columns 288 to 335 of 350]
-153.5 -152.830001831055 -152.149993896484 -151.470001220703 -150.800003051758 -150.130004882812 -149.309997558594 -148.509994506836 -147.779998779297 -147.029998779297 -146.259994506836 -145.479995727539 -144.639999389648 -143.679992675781 -142.75 -141.820007324219 -140.929992675781 -140.039993286133 -138.860000610352 -137.669998168945 -144.429992675781 -147.720001220703 -146.979995727539 -146.210006713867 -145.449996948242 -144.699996948242 -143.960006713867 -143.220001220703 -142.470001220703 -141.729995727539 -140.990005493164 -140.270004272461 -139.679992675781 -139.169998168945 -138.669998168945 -138.100006103516 -137.470001220703 -136.800003051758 -136.179992675781 -135.580001831055 -134.960006713867 -134.350006103516 -133.759994506836 -133.169998168945 -132.589996337891 -132.029998779297 -131.470001220703 -130.850006103516
-152.050003051758 -151.369995117188 -150.699996948242 -150.020004272461 -149.169998168945 -148.309997558594 -147.460006713867 -146.619995117188 -145.869995117188 -145.110000610352 -144.320007324219 -143.520004272461 -142.679992675781 -141.759994506836 -140.850006103516 -139.940002441406 -139 -138.020004272461 -136.929992675781 -135.75 -137.360000610352 -145.910003662109 -145.149993896484 -144.369995117188 -143.600006103516 -142.850006103516 -142.110000610352 -141.360000610352 -140.619995117188 -139.899993896484 -139.330001831055 -138.779998779297 -138.270004272461 -137.789993286133 -137.350006103516 -136.669998168945 -136.020004272461 -135.350006103516 -134.699996948242 -134.100006103516 -133.460006713867 -132.869995117188 -132.289993286133 -131.720001220703 -131.149993896484 -130.589996337891 -130.039993286133 -129.660003662109
-150.589996337891 -149.889999389648 -149.029998779297 -148.149993896484 -147.300003051758 -146.449996948242 -145.610000610352 -144.770004272461 -143.970001220703 -143.190002441406 -142.389999389648 -141.570007324219 -140.729995727539 -139.830001831055 -138.929992675781 -137.990005493164 -137.020004272461 -136.020004272461 -134.979995727539 -133.800003051758 -132.649993896484 -139.5 -143.320007324219 -142.529998779297 -141.75 -141 -140.259994506836 -139.619995117188 -139.050003051758 -138.479995727539 -137.899993896484 -137.330001831055 -136.809997558594 -136.300003051758 -135.800003051758 -135.240005493164 -134.570007324219 -133.899993896484 -133.229995727539 -132.610000610352 -131.990005493164 -131.389999389648 -130.809997558594 -130.25 -129.809997558594 -129.460006713867 -129.089996337891 -128.720001220703
-146.929992675781 -148.070007324219 -147.160003662109 -146.259994506836 -145.410003662109 -144.580001831055 -143.75 -142.919998168945 -142.100006103516 -141.300003051758 -140.479995727539 -139.649993896484 -138.830001831055 -137.970001220703 -137.050003051758 -136.080001831055 -135.089996337891 -134.059997558594 -133 -131.860000610352 -130.720001220703 -130.259994506836 -139.710006713867 -140.669998168945 -139.919998168945 -139.330001831055 -138.740005493164 -138.169998168945 -137.630004882812 -137.059997558594 -136.479995727539 -135.899993896484 -135.350006103516 -134.839996337891 -134.339996337891 -133.740005493164 -133.089996337891 -132.440002441406 -131.779998779297 -131.130004882812 -130.509994506836 -129.940002441406 -129.649993896484 -129.259994506836 -128.899993896484 -128.550003051758 -128.169998168945 -127.790000915527
-139.320007324219 -146.240005493164 -145.300003051758 -144.360000610352 -143.520004272461 -142.699996948242 -141.880004882812 -141.059997558594 -140.240005493164 -139.429992675781 -138.610000610352 -137.779998779297 -136.949996948242 -136.110000610352 -135.190002441406 -134.210006713867 -133.179992675781 -132.139999389648 -131.050003051758 -129.929992675781 -128.960006713867 -128 -129.009994506836 -136.899993896484 -138.460006713867 -137.869995117188 -137.279998779297 -136.740005493164 -136.199996948242 -135.639999389648 -135.059997558594 -134.479995727539 -133.889999389648 -133.380004882812 -132.860000610352 -132.220001220703 -131.580001831055 -130.929992675781 -130.289993286133 -129.809997558594 -129.470001220703 -129.160003662109 -128.850006103516 -128.419998168945 -128.020004272461 -127.650001525879 -127.269996643066 -126.870002746582
-132.020004272461 -144.360000610352 -143.429992675781 -142.490005493164 -141.619995117188 -140.809997558594 -140 -139.199996948242 -138.389999389648 -137.580001831055 -136.759994506836 -135.919998168945 -135.089996337891 -134.240005493164 -133.380004882812 -132.380004882812 -131.330001831055 -130.259994506836 -129.190002441406 -128.149993896484 -127.139999389648 -126.199996948242 -125.25 -125.699996948242 -134.009994506836 -136.410003662109 -135.830001831055 -135.309997558594 -134.770004272461 -134.229995727539 -133.639999389648 -133.059997558594 -132.470001220703 -131.919998168945 -131.350006103516 -130.699996948242 -130.059997558594 -129.690002441406 -129.350006103516 -129.009994506836 -128.679992675781 -128.369995117188 -128.009994506836 -127.580001831055 -127.150001525879 -126.76000213623 -126.370002746582 -125.970001220703
-129.089996337891 -138.710006713867 -141.229995727539 -140.570007324219 -139.729995727539 -138.940002441406 -138.160003662109 -137.369995117188 -136.559997558594 -135.740005493164 -134.910003662109 -134.070007324219 -133.229995727539 -132.380004882812 -131.520004272461 -130.570007324219 -129.509994506836 -128.440002441406 -127.379997253418 -126.360000610352 -125.349998474121 -124.379997253418 -123.430000305176 -122.529998779297 -122.319999694824 -131.039993286133 -134.410003662109 -133.880004882812 -133.339996337891 -132.809997558594 -132.229995727539 -131.639999389648 -131.050003051758 -130.460006713867 -129.869995117188 -129.360000610352 -128.839996337891 -128.600006103516 -128.559997558594 -128.220001220703 -127.889999389648 -127.589996337891 -127.169998168945 -126.75 -126.319999694824 -125.889999389648 -125.48999786377 -9999
-128.110000610352 -133.630004882812 -139.399993896484 -138.589996337891 -137.880004882812 -137.100006103516 -136.320007324219 -135.550003051758 -134.729995727539 -133.899993896484 -133.059997558594 -132.220001220703 -131.369995117188 -130.520004272461 -129.630004882812 -128.720001220703 -127.639999389648 -126.610000610352 -125.580001831055 -124.540000915527 -123.540000915527 -122.559997558594 -121.620002746582 -120.680000305176 -119.790000915527 -119.440002441406 -130.649993896484 -132.460006713867 -131.910003662109 -131.369995117188 -130.820007324219 -130.229995727539 -129.699996948242 -129.190002441406 -128.660003662109 -128.149993896484 -127.639999389648 -127.129997253418 -127.720001220703 -127.419998168945 -127.110000610352 -126.76000213623 -126.339996337891 -125.910003662109 -125.48999786377 -125.040000915527 -9999 -9999
-127.129997253418 -128.889999389648 -137.389999389648 -136.720001220703 -136.009994506836 -135.259994506836 -134.479995727539 -133.710006713867 -132.910003662109 -132.070007324219 -131.229995727539 -130.380004882812 -129.5 -128.580001831055 -127.669998168945 -126.73999786377 -125.76000213623 -124.76000213623 -123.730003356934 -122.709999084473 -121.730003356934 -120.76000213623 -119.839996337891 -119.069999694824 -118.309997558594 -117.569999694824 -120.690002441406 -131.100006103516 -130.559997558594 -130 -129.539993286133 -129.039993286133 -128.539993286133 -128.039993286133 -127.51000213623 -126.980003356934 -126.449996948242 -125.919998168945 -126.069999694824 -126.629997253418 -126.319999694824 -125.930000305176 -125.5 -125.080001831055 -124.650001525879 -9999 -9999 -9999
-126.26000213623 -125.73999786377 -133.380004882812 -134.860000610352 -134.139999389648 -133.419998168945 -132.639999389648 -131.869995117188 -131.089996337891 -130.25 -129.360000610352 -128.460006713867 -127.550003051758 -126.629997253418 -125.709999084473 -124.779998779297 -123.849998474121 -122.860000610352 -121.870002746582 -120.870002746582 -119.910003662109 -119.139999389648 -118.370002746582 -117.589996337891 -116.830001831055 -116.069999694824 -115.309997558594 -125.23999786377 -129.360000610352 -128.899993896484 -128.429992675781 -127.910003662109 -127.389999389648 -126.889999389648 -126.360000610352 -125.830001831055 -125.300003051758 -124.769996643066 -124.199996948242 -125.580001831055 -125.519996643066 -125.089996337891 -124.660003662109 -124.23999786377 -9999 -9999 -9999 -9999
-125.430000305176 -124.930000305176 -128.75 -133.050003051758 -132.270004272461 -131.559997558594 -130.800003051758 -130.020004272461 -129.220001220703 -128.330001831055 -127.430000305176 -126.51000213623 -125.599998474121 -124.680000305176 -123.75 -122.819999694824 -121.889999389648 -120.940002441406 -119.98999786377 -119.180000305176 -118.400001525879 -117.650001525879 -116.900001525879 -116.120002746582 -115.349998474121 -114.589996337891 -113.819999694824 -118.080001831055 -128.259994506836 -127.790000915527 -127.319999694824 -126.779998779297 -126.25 -125.730003356934 -125.209999084473 -124.669998168945 -124.139999389648 -123.610000610352 -123.029998779297 -123.589996337891 -124.680000305176 -124.25 -123.830001831055 -9999 -9999 -9999 -9999 -9999
-124.629997253418 -124.129997253418 -124.51000213623 -131.380004882812 -130.509994506836 -129.729995727539 -128.940002441406 -128.130004882812 -127.300003051758 -126.419998168945 -125.5 -124.580001831055 -123.660003662109 -122.730003356934 -121.800003051758 -120.870002746582 -119.940002441406 -119.160003662109 -118.400001525879 -117.629997253418 -116.870002746582 -116.139999389648 -115.430000305176 -114.650001525879 -113.879997253418 -113.110000610352 -112.339996337891 -111.529998779297 -125.01000213623 -126.680000305176 -126.190002441406 -125.650001525879 -125.120002746582 -124.589996337891 -124.059997558594 -123.519996643066 -122.98999786377 -122.440002441406 -121.860000610352 -121.279998779297 -123.559997558594 -9999 -9999 -9999 -9999 -9999 -9999 -9999
-123.849998474121 -123.349998474121 -122.809997558594 -126.970001220703 -128.649993896484 -127.910003662109 -127.080001831055 -126.26000213623 -125.410003662109 -124.529998779297 -123.589996337891 -122.639999389648 -121.720001220703 -120.790000915527 -119.879997253418 -119.099998474121 -118.309997558594 -117.529998779297 -116.779998779297 -116.050003051758 -115.309997558594 -114.599998474121 -113.910003662109 -113.180000305176 -112.400001525879 -111.629997253418 -110.849998474121 -110.050003051758 -117.51000213623 -125.569999694824 -125.059997558594 -124.529998779297 -123.98999786377 -123.459999084473 -122.910003662109 -122.370002746582 -121.839996337891 -121.269996643066 -120.690002441406 -120.099998474121 -9999 -9999 -9999 -9999 -9999 -9999 -9999 -9999
-123.069999694824 -122.559997558594 -122.019996643066 -123.089996337891 -126.830001831055 -126.099998474121 -125.25 -124.400001525879 -123.529998779297 -122.629997253418 -121.690002441406 -120.730003356934 -119.819999694824 -119.040000915527 -118.25 -117.470001220703 -116.680000305176 -115.900001525879 -115.150001525879 -114.430000305176 -113.720001220703 -113.029998779297 -112.360000610352 -111.709999084473 -110.930000305176 -110.150001525879 -109.379997253418 -108.620002746582 -109.290000915527 -123.910003662109 -123.930000305176 -123.400001525879 -122.870002746582 -122.330001831055 -121.790000915527 -121.230003356934 -120.680000305176 -120.099998474121 -9999 -9999 -9999 -9999 -9999 -9999 -9999 -9999 -9999 -9999
-122.279998779297 -121.769996643066 -121.220001220703 -120.720001220703 -123.75 -124.26000213623 -123.410003662109 -122.559997558594 -121.680000305176 -120.75 -119.830001831055 -119.01000213623 -118.190002441406 -117.400001525879 -116.620002746582 -115.839996337891 -115.050003051758 -114.269996643066 -113.5 -112.800003051758 -112.110000610352 -111.440002441406 -110.790000915527 -110.160003662109 -109.459999084473 -108.669998168945 -107.930000305176 -107.199996948242 -106.449996948242 -114.550003051758 -122.849998474121 -122.300003051758 -121.75 -121.209999084473 -120.669998168945 -120.099998474121 -119.5 -9999 -9999 -9999 -9999 -9999 -9999 -9999 -9999 -9999 -9999 -9999
-121.5 -120.970001220703 -120.440002441406 -119.949996948242 -120.540000915527 -122.559997558594 -121.639999389648 -120.73999786377 -119.879997253418 -119.080001831055 -118.23999786377 -117.379997253418 -116.569999694824 -115.769996643066 -114.98999786377 -114.209999084473 -113.419998168945 -112.639999389648 -111.860000610352 -111.150001525879 -110.48999786377 -109.849998474121 -109.230003356934 -108.599998474121 -107.959999084473 -107.180000305176 -106.410003662109 -105.680000305176 -104.949996948242 -104.889999389648 -120.290000915527 -121.230003356934 -120.680000305176 -120.129997253418 -119.529998779297 -9999 -9999 -9999 -9999 -9999 -9999 -9999 -9999 -9999 -9999 -9999 -9999 -9999
-120.709999084473 -120.180000305176 -119.76000213623 -119.379997253418 -119 -120.120002746582 -119.900001525879 -119.129997253418 -118.440002441406 -117.610000610352 -116.709999084473 -115.819999694824 -114.949996948242 -114.139999389648 -113.360000610352 -112.569999694824 -111.790000915527 -111.01000213623 -110.230003356934 -109.550003051758 -108.949996948242 -108.319999694824 -107.699996948242 -107.050003051758 -106.389999389648 -105.669998168945 -104.910003662109 -104.169998168945 -103.440002441406 -102.779998779297 -110.519996643066 -120.169998168945 -119.569999694824 -9999 -9999 -9999 -9999 -9999 -9999 -9999 -9999 -9999 -9999 -9999 -9999 -9999 -9999 -9999
-119.949996948242 -119.589996337891 -119.230003356934 -118.839996337891 -118.470001220703 -118.230003356934 -118.199996948242 -117.669998168945 -117.029998779297 -116.150001525879 -115.25 -114.330001831055 -113.319999694824 -112.51000213623 -111.730003356934 -110.940002441406 -110.160003662109 -109.48999786377 -108.819999694824 -108.139999389648 -107.48999786377 -106.830001831055 -106.180000305176 -105.519996643066 -104.849998474121 -104.160003662109 -103.400001525879 -102.650001525879 -101.940002441406 -101.279998779297 -100.680000305176 -115.76000213623 -9999 -9999 -9999 -9999 -9999 -9999 -9999 -9999 -9999 -9999 -9999 -9999 -9999 -9999 -9999 -9999
-119.410003662109 -119.059997558594 -118.709999084473 -118.360000610352 -118 -117.629997253418 -117.160003662109 -116.23999786377 -115.569999694824 -114.690002441406 -113.809997558594 -112.870002746582 -111.839996337891 -110.879997253418 -110.089996337891 -109.440002441406 -108.790000915527 -108.139999389648 -107.470001220703 -106.769996643066 -106.069999694824 -105.379997253418 -104.660003662109 -104.01000213623 -103.319999694824 -102.620002746582 -101.889999389648 -101.139999389648 -100.419998168945 -99.879997253418 -99.5599975585938 -9999 -9999 -9999 -9999 -9999 -9999 -9999 -9999 -9999 -9999 -9999 -9999 -9999 -9999 -9999 -9999 -9999
-118.849998474121 -118.51000213623 -118.160003662109 -117.809997558594 -117.470001220703 -117.120002746582 -116.809997558594 -115.430000305176 -114.110000610352 -113.230003356934 -112.349998474121 -111.470001220703 -110.440002441406 -109.5 -108.76000213623 -108.120002746582 -107.470001220703 -106.809997558594 -106.129997253418 -105.430000305176 -104.690002441406 -103.970001220703 -103.230003356934 -102.51000213623 -101.809997558594 -101.099998474121 -100.360000610352 -99.8199996948242 -99.4599990844727 -9999 -9999 -9999 -9999 -9999 -9999 -9999 -9999 -9999 -9999 -9999 -9999 -9999 -9999 -9999 -9999 -9999 -9999 -9999
-118.300003051758 -117.949996948242 -117.610000610352 -117.26000213623 -116.910003662109 -116.599998474121 -116.319999694824 -115.75 -113.120002746582 -111.900001525879 -111 -110.110000610352 -109.199996948242 -108.309997558594 -107.48999786377 -106.809997558594 -106.150001525879 -105.480003356934 -104.809997558594 -104.089996337891 -103.349998474121 -102.589996337891 -101.830001831055 -101.040000915527 -100.309997558594 -99.7900009155273 -99.4300003051758 -99.0699996948242 -9999 -9999 -9999 -9999 -9999 -9999 -9999 -9999 -9999 -9999 -9999 -9999 -9999 -9999 -9999 -9999 -9999 -9999 -9999 -9999
-117.75 -117.400001525879 -117.050003051758 -116.709999084473 -116.400001525879 -116.110000610352 -115.809997558594 -115.51000213623 -114.269996643066 -110.430000305176 -109.839996337891 -108.870002746582 -108.040000915527 -107.110000610352 -106.25 -105.5 -104.839996337891 -104.169998168945 -103.48999786377 -102.769996643066 -102.019996643066 -101.25 -100.459999084473 -99.8099975585938 -99.4000015258789 -99.0199966430664 -98.6500015258789 -9999 -9999 -9999 -9999 -9999 -9999 -9999 -9999 -9999 -9999 -9999 -9999 -9999 -9999 -9999 -9999 -9999 -9999 -9999 -9999 -9999
