2020_iah-belgium_abitm/a-brief-introduction-to-modelmuse_data-based-modelling/data/aquifer-bottom.asc
NCOLS 350 
NROWS 276 
XLLCORNER 193000 
YLLCORNER 178300 
CELLSIZE 100 
NODATA_value -9999 
[rows 220 to 241 of 276, columns 144 to 191 of 350]
20.0599994659424 20.3700008392334 20.6000003814697 20.9400005340576 21.3199996948242 21.5799999237061 21.8099994659424 22.2700004577637 21.7800006866455 21.4300003051758 21.6299991607666 21.7000007629395 21.7000007629395 21.6399993896484 21.0599994659424 20.8600006103516 20.5100002288818 20.2000007629395 19.9200000762939 19.8299999237061 18.4300003051758 17.2299995422363 15.9699993133545 14.1499996185303 13.1300001144409 13.3400001525879 13.5799999237061 13.539999961853 13.3699998855591 13.1099996566772 13 13 12.8500003814697 13.5299997329712 14.6000003814697 15.6200008392334 16.6100006103516 17.5300006866455 17.5900001525879 16.6299991607666 16.8400001525879 17.8400001525879 18.4300003051758 18.7000007629395 18.2399997711182 18.0300006866455 18.0799999237061 16.8700008392334
21.8099994659424 22.0499992370605 22.0100002288818 22.0499992370605 22.2900009155273 23.2399997711182 23.5499992370605 23.6100006103516 23.6599998474121 23.6700000762939 23.2700004577637 23.0300006866455 22.8299999237061 22.5599994659424 21.8799991607666 21.4599990844727 21.0200004577637 20.5200004577637 20.1200008392334 19.4899997711182 17.9200000762939 16.9799995422363 16.2199993133545 15.1399993896484 14.3600006103516 14.4200000762939 14.3299999237061 14.0900001525879 13.6899995803833 13.2299995422363 13 13 13 13 12.9399995803833 13.4300003051758 14.1599998474121 14.7399997711182 14.9599990844727 14.6599998474121 14.6900005340576 15.1900005340576 15.5799999237061 15.8299999237061 15.6599998474121 15.4400005340576 14.8799991607666 13.4200000762939
23.6100006103516 23.7299995422363 23.7999992370605 23.7000007629395 23.9300003051758 23.9899997711182 24.0599994659424 24.1200008392334 24.1700000762939 24.2099990844727 24.2600002288818 24.2999992370605 24.3400001525879 23.4899997711182 22.5599994659424 22.2700004577637 21.5900001525879 21.0200004577637 20.6299991607666 18.3199996948242 16.9500007629395 17 16.6000003814697 16.0799999237061 15.6100006103516 15.5499992370605 15.5 14.7299995422363 13.9700002670288 13.2399997711182 13 13 13 13 13 13 13 13 13 13 13 13 12.5799999237061 12.5699996948242 12.6199998855591 12.6599998474121 12.6899995803833 13
24.1900005340576 24.25 24.3199996948242 24.3799991607666 24.4400005340576 24.5100002288818 24.5699996948242 24.6299991607666 24.6900005340576 24.7299995422363 24.7700004577637 24.8199996948242 24.8600006103516 24.6000003814697 23.1000003814697 22.6499996185303 22.2199993133545 21.8700008392334 20.4300003051758 17.8700008392334 16.7800006866455 17.0799999237061 17.1000003814697 16.7000007629395 16.6800003051758 16.6000003814697 16.2600002288818 15.4799995422363 14.3099994659424 13.1199998855591 12.9899997711182 13.3199996948242 13 13.2200002670288 12.9099998474121 13.0799999237061 13 12.9099998474121 13 12.5699996948242 13 13 13 12.8400001525879 13.0200004577637 13.3599996566772 13.75 14.5100002288818
24.5 24.5 24.7399997711182 24.8999996185303 24.9599990844727 25.0200004577637 25.0799999237061 25.1399993896484 25.2000007629395 25.2399997711182 25.2900009155273 25.3299999237061 25.3799991607666 25.2700004577637 23.5100002288818 22.6399993896484 22.5200004577637 22.0799999237061 21.1299991607666 19.7900009155273 18.9899997711182 18.5100002288818 17.7800006866455 17.5100002288818 17.2800006866455 17.1599998474121 17.1900005340576 16.3400001525879 14.7999992370605 13.1700000762939 13.460000038147 14.2800006866455 14.25 14.0699996948242 13.5299997329712 13.9899997711182 14.6800003051758 15.0900001525879 15.0699996948242 15.0699996948242 14.9099998474121 14.75 14.7600002288818 15.0499992370605 15.4099998474121 15.8700008392334 16.4599990844727 17.5200004577637
24.5 24.5 24.5 25.1299991607666 25.4699993133545 25.5400009155273 25.6000003814697 25.6599998474121 25.7099990844727 25.75 25.7999992370605 25.2700004577637 25.0300006866455 24.9599990844727 23.2399997711182 22.4699993133545 22.4899997711182 22.3999996185303 22.1399993896484 22.2000007629395 21.7700004577637 20.7299995422363 18.9300003051758 18.3500003814697 17.8700008392334 17.5200004577637 17.2600002288818 17 15.7399997711182 14.7399997711182 14.8600006103516 15.3899993896484 15.5100002288818 15.2600002288818 15.1599998474121 15.4799995422363 16.3799991607666 17.25 17.2700004577637 17.9300003051758 17.4500007629395 17.3500003814697 17.2399997711182 17.2600002288818 17.3199996948242 17.5799999237061 18.0799999237061 18.8999996185303
24.5 24.5 24.6900005340576 24.8700008392334 25.0900001525879 24.2199993133545 24.2700004577637 25.2900009155273 25.5100002288818 25.1100006103516 24.9599990844727 24.7299995422363 24.5100002288818 23.7999992370605 22.5599994659424 22.2600002288818 22.5 22.5 22.5 22.5 22.5699996948242 22.6900005340576 20.8199996948242 19.2800006866455 18.2000007629395 17.8400001525879 17.4200000762939 17.1599998474121 16.5699996948242 16.2800006866455 16.5100002288818 16.8799991607666 16.8799991607666 16.6299991607666 16.4200000762939 16.5100002288818 16.9799995422363 17.4300003051758 18.0400009155273 18.5799999237061 18.6900005340576 18.6499996185303 18.5900001525879 18.5799999237061 18.6900005340576 18.8999996185303 19.4500007629395 20.1299991607666
23.9899997711182 24.3099994659424 24.6200008392334 24.5 23.9400005340576 21.8799991607666 21.5200004577637 21.7800006866455 22.6200008392334 22.9899997711182 23.7999992370605 24.0900001525879 23.7000007629395 22.4500007629395 21.5900001525879 21.8799991607666 22.5 22.5 22.5 22.5 22.5 22.5900001525879 21.9400005340576 20.6499996185303 19.2999992370605 18.0100002288818 17.4899997711182 17 17 16.9899997711182 17.2099990844727 17.3299999237061 17.3199996948242 17.2199993133545 17.0200004577637 17 17 17.6900005340576 18.8899993896484 19.6399993896484 19.8799991607666 19.8400001525879 19.8099994659424 19.7800006866455 19.8600006103516 20.0900001525879 20.4899997711182 20.7999992370605
22.9099998474121 23.5499992370605 24.2800006866455 24.0400009155273 22.6499996185303 20.1900005340576 19.5300006866455 19.5 19.3500003814697 20.7399997711182 22.7600002288818 23.4699993133545 22.8199996948242 21.4500007629395 20.4899997711182 21.4899997711182 22.6700000762939 22.5 22.5 22.5 22.5 22.5 22.5699996948242 21.5799999237061 20.1000003814697 18.6499996185303 17.5 17 16.9400005340576 17.3099994659424 17.7900009155273 18.0300006866455 18.0100002288818 17.75 17.4099998474121 17 17 17.5799999237061 19.4899997711182 20.5100002288818 20.9799995422363 21.0599994659424 21.0599994659424 21.0599994659424 21.0799999237061 21.1100006103516 21.0799999237061 21.0200004577637
21.4799995422363 21.5799999237061 21.1700000762939 20.3099994659424 18.6299991607666 19.4300003051758 19.6100006103516 19.7999992370605 19.9699993133545 21.2000007629395 22.4699993133545 22.4599990844727 22.2800006866455 21.2000007629395 20.3099994659424 21.2000007629395 22.5300006866455 22.5 22.4799995422363 22.6399993896484 22.5 22.7399997711182 22.6800003051758 22.2199993133545 21.1700000762939 19.3299999237061 17.3500003814697 16.9599990844727 17 18.3400001525879 18.6900005340576 18.7700004577637 18.7999992370605 18.3999996185303 18 17.5400009155273 17.1399993896484 17.2700004577637 19.4200000762939 20.6299991607666 21.1599998474121 21 21 21.1200008392334 21.0200004577637 20.5300006866455 20.2099990844727 20.8400001525879
19.8199996948242 19.2900009155273 18.4599990844727 16.9699993133545 18.5400009155273 19.5200004577637 19.9699993133545 20.6700000762939 21.4300003051758 22.0799999237061 22.2800006866455 22.2399997711182 21.5699996948242 21.3099994659424 21.0599994659424 20.8899993896484 22.0300006866455 22.9500007629395 23.2700004577637 23.0699996948242 23.1800003051758 23.1599998474121 22.9899997711182 22.8700008392334 22.2299995422363 20.2999992370605 17.2000007629395 17.1599998474121 19.1299991607666 20.7800006866455 20.6200008392334 20.3299999237061 20.5900001525879 20.5100002288818 20.4799995422363 20.2700004577637 19.4699993133545 19.0900001525879 19.3700008392334 19.6499996185303 20.0900001525879 20.4699993133545 20.5 20.1499996185303 19.9200000762939 20.1399993896484 20.7099990844727 21.3299999237061
18.0699996948242 18.3799991607666 17.3899993896484 17.9599990844727 19.3700008392334 18.6200008392334 18.6399993896484 19.6399993896484 20.5400009155273 20.8999996185303 21.1000003814697 20.8700008392334 20.4400005340576 20.6599998474121 21.6800003051758 21.8199996948242 21.5900001525879 22.2299995422363 23.0400009155273 23.8299999237061 23.8099994659424 23.7900009155273 23.4300003051758 22.7800006866455 22.5900001525879 22.1599998474121 19.5100002288818 21.2900009155273 22.6100006103516 22.5 22.7600002288818 22.3899993896484 22.5699996948242 22.5900001525879 22.6100006103516 22.7299995422363 21.9500007629395 21.5599994659424 21.2900009155273 21.0699996948242 20.4400005340576 19.8400001525879 19.8700008392334 20 20.1800003051758 21.1599998474121 21.7399997711182 22.1399993896484
16.2900009155273 16.0799999237061 14.3099994659424 16 16.3400001525879 16.5699996948242 17.3500003814697 17.6399993896484 18.0599994659424 18.7000007629395 19.4699993133545 19.7999992370605 19.7399997711182 19.4300003051758 19.1499996185303 19.6599998474121 19.9500007629395 21.1299991607666 22.0100002288818 22.8799991607666 24.2700004577637 24.8700008392334 24.0499992370605 22.8799991607666 22.5 22.3500003814697 21.9200000762939 22.1499996185303 22.5300006866455 22.5900001525879 23.1000003814697 23.2999992370605 23.4899997711182 23.6200008392334 23.7099990844727 23.6100006103516 23.2800006866455 22.9500007629395 22.75 22.6200008392334 22.6299991607666 22.1399993896484 21.7800006866455 20.5200004577637 20.3199996948242 21.2900009155273 22.1200008392334 22.4200000762939
13.5100002288818 13.9099998474121 15.0499992370605 15.75 16.9200000762939 18.7900009155273 19.1599998474121 18.7000007629395 17.8700008392334 18.6299991607666 20.4699993133545 20.6200008392334 20.5499992370605 20.6800003051758 20.4200000762939 19.7999992370605 18.4400005340576 18.6000003814697 19.1299991607666 21.3600006103516 23 24.9699993133545 25.4400005340576 23.3299999237061 22.5 22.5 22.5 22.9400005340576 23.2199993133545 23.6900005340576 24.1800003051758 24.4400005340576 24.6599998474121 24.8199996948242 25.0100002288818 24.8999996185303 24.4500007629395 23.9300003051758 23.7299995422363 23.7399997711182 23.6900005340576 23.4699993133545 23.1700000762939 22.9599990844727 22.0599994659424 22.1399993896484 22.3199996948242 22.3400001525879
13.6000003814697 14.4300003051758 15.3400001525879 17.2800006866455 20.1599998474121 21.9200000762939 22.1499996185303 22.2900009155273 22.5900001525879 23.25 22.7999992370605 22.5799999237061 22.6700000762939 23.1100006103516 23.4400005340576 23.3199996948242 22.9699993133545 21.1100006103516 19.8299999237061 20.8799991607666 21.7999992370605 23.0200004577637 25.2299995422363 22.8999996185303 22.5699996948242 23.5499992370605 23.7199993133545 23.8600006103516 24.4799995422363 25.0100002288818 25.5300006866455 25.6700000762939 25.6499996185303 25.6900005340576 25.9099998474121 25.8500003814697 25.5499992370605 25.1000003814697 25.0100002288818 25 25.1000003814697 25.1100006103516 25.0200004577637 24.4899997711182 23.8799991607666 23.6800003051758 23.7600002288818 -9999
14.1000003814697 15.2700004577637 17.1499996185303 20.4599990844727 21.6800003051758 21.9899997711182 22 22.7099990844727 23.8400001525879 24.6700000762939 24.7900009155273 24.6700000762939 24.5 24.5 24.5 24.5 25.0499992370605 25.1200008392334 25.0200004577637 23.6399993896484 22.5900001525879 21.9500007629395 23.7099990844727 23.9400005340576 25.1800003051758 25.0400009155273 24.8400001525879 24.8799991607666 25.3600006103516 25.7999992370605 26.0499992370605 26 26 26 26.0100002288818 26 25.9200000762939 25.8600006103516 25.8799991607666 25.9200000762939 26.0499992370605 26.2800006866455 26.3700008392334 26.1599998474121 25.4400005340576 -9999 -9999 -9999
14.5100002288818 15.5400009155273 17.2099990844727 19.9300003051758 21.4500007629395 21.7700004577637 20.8899993896484 20.1800003051758 20.5300006866455 20.6700000762939 20.8299999237061 22.0300006866455 23.3999996185303 24.5100002288818 24.7900009155273 24.5 24.5 24.5 25.0699996948242 24.3400001525879 23.4300003051758 22.3600006103516 23.3999996185303 24.3099994659424 25 25 25 24.9599990844727 25.0900001525879 25.3199996948242 25.5699996948242 25.7000007629395 25.8400001525879 26.0400009155273 26.1399993896484 26.1100006103516 26 26 26.1900005340576 26.3899993896484 26.75 27.2900009155273 28.2299995422363 -9999 -9999 -9999 -9999 -9999
14.5 15.2600002288818 15.6200008392334 16.9599990844727 18.2000007629395 18.1900005340576 17.8099994659424 18.7399997711182 19.8299999237061 20.7700004577637 20.6599998474121 20.5 20.2600002288818 20.9699993133545 22.3999996185303 23.7900009155273 24.5300006866455 24.6900005340576 24.5 24.8500003814697 24.8700008392334 23.2700004577637 23.8400001525879 24.4300003051758 24.8799991607666 24.8400001525879 25 25 25 25 25 25 24.9500007629395 25.0799999237061 25.6200008392334 26.0799999237061 26.0900001525879 26 26 26.4599990844727 27.1100006103516 -9999 -9999 -9999 -9999 -9999 -9999 -9999
16.5200004577637 15.1800003051758 15.1100006103516 15.5499992370605 17.0900001525879 17.7700004577637 19.0100002288818 21.1200008392334 22.9599990844727 23.9500007629395 24.0100002288818 23.1599998474121 22.2299995422363 21.1399993896484 20.4200000762939 21.5499992370605 23.3600006103516 24.2600002288818 24.5 24.5400009155273 25.4699993133545 24.1800003051758 24.4599990844727 24.7199993133545 24.7600002288818 24.7700004577637 24.7299995422363 25 25 25 25 24.7900009155273 24.8099994659424 24.8700008392334 24.9200000762939 24.9899997711182 25.5100002288818 26 26 -9999 -9999 -9999 -9999 -9999 -9999 -9999 -9999 -9999
21.1700000762939 19.4500007629395 18.7800006866455 19.3299999237061 19.9699993133545 20.9099998474121 22.25 23.3700008392334 24.6700000762939 25.5 25.6499996185303 25.3700008392334 25.1100006103516 24.2900009155273 22.9699993133545 22.5799999237061 23.6299991607666 24.2600002288818 24.3999996185303 24.9699993133545 26.0300006866455 25.0100002288818 24.9599990844727 24.8500003814697 24.6700000762939 24.6299991607666 24.5699996948242 24.6000003814697 25 24.6100006103516 24.6299991607666 24.8199996948242 25.1800003051758 25.6700000762939 25.8600006103516 26 26.0799999237061 -9999 -9999 -9999 -9999 -9999 -9999 -9999 -9999 -9999 -9999 -9999
22.4099998474121 22.4300003051758 22.4400005340576 22.5499992370605 22.9799995422363 23.5200004577637 24.1800003051758 25.1800003051758 26.3099994659424 26.9799995422363 27.0900001525879 26.7700004577637 26.5400009155273 26.1499996185303 25.4300003051758 24.5400009155273 23.9799995422363 24.75 25.8799991607666 26.6000003814697 26.8400001525879 25.2099990844727 25.0200004577637 24.7000007629395 24.5200004577637 24.4599990844727 24.3799991607666 24.4099998474121 24.4099998474121 24.3099994659424 24.3899993896484 24.6599998474121 25.0599994659424 25.6000003814697 25.8600006103516 -9999 -9999 -9999 -9999 -9999 -9999 -9999 -9999 -9999 -9999 -9999 -9999 -9999
24.0300006866455 24.2399997711182 24.2000007629395 24.6599998474121 25.1299991607666 25.4699993133545 25.7299995422363 26.3400001525879 27.0200004577637 27.5300006866455 27.7999992370605 27.5499992370605 27.6599998474121 27.6599998474121 26.5799999237061 25.6800003051758 25.5200004577637 26.4699993133545 27.4500007629395 27.1000003814697 26.2900009155273 24.9500007629395 25.0200004577637 24.7700004577637 24.5400009155273 24.4599990844727 24.2999992370605 24.0499992370605 23.8799991607666 24.0699996948242 24.1800003051758 24.3899993896484 24.4599990844727 -9999 -9999 -9999 -9999 -9999 -9999 -9999 -9999 -9999 -9999 -9999 -9999 -9999 -9999 -9999
