2020_iah-belgium_abitm/a-brief-introduction-to-modelmuse_data-based-modelling/data/aquifer-bottom.asc
NCOLS 350 
NROWS 276 
XLLCORNER 193000 
YLLCORNER 178300 
CELLSIZE 100 
NODATA_value -9999 
[rows 66 to 87 of 276, columns 192 to 239 of 350]
-105.639999389648 -105.440002441406 -105.23999786377 -105.029998779297 -104.790000915527 -104.550003051758 -104.319999694824 -104.080001831055 -105.330001831055 -111.819999694824 -111.48999786377 -111.160003662109 -110.819999694824 -110.48999786377 -110.199996948242 -109.919998168945 -109.660003662109 -109.410003662109 -109.150001525879 -110.800003051758 -124.580001831055 -124.339996337891 -124.129997253418 -123.910003662109 -123.699996948242 -123.480003356934 -123.269996643066 -123.089996337891 -122.940002441406 -122.790000915527 -122.639999389648 -122.5 -122.360000610352 -122.199996948242 -122.029998779297 -121.849998474121 -121.680000305176 -121.51000213623 -121.360000610352 -121.209999084473 -146.820007324219 -151.869995117188 -151.509994506836 -151.160003662109 -150.779998779297 -150.410003662109 -150.020004272461 -149.639999389648
-104.610000610352 -104.419998168945 -104.220001220703 -104.01000213623 -103.779998779297 -103.540000915527 -103.309997558594 -103.069999694824 -102.819999694824 -109.019996643066 -109.970001220703 -109.660003662109 -109.360000610352 -109.069999694824 -108.779998779297 -108.519996643066 -108.269996643066 -108.029998779297 -107.769996643066 -107.51000213623 -121.860000610352 -123.610000610352 -123.370002746582 -123.150001525879 -122.930000305176 -122.720001220703 -122.51000213623 -122.309997558594 -122.160003662109 -122 -121.849998474121 -121.699996948242 -121.569999694824 -121.389999389648 -121.220001220703 -121.050003051758 -120.879997253418 -120.730003356934 -120.580001831055 -120.430000305176 -129.089996337891 -150.279998779297 -149.910003662109 -149.539993286133 -149.190002441406 -148.789993286133 -148.410003662109 -148.009994506836
-103.580001831055 -103.389999389648 -103.199996948242 -103 -102.76000213623 -102.529998779297 -102.290000915527 -102.050003051758 -101.809997558594 -105.01000213623 -108.559997558594 -108.269996643066 -107.970001220703 -107.669998168945 -107.379997253418 -107.120002746582 -106.879997253418 -106.629997253418 -106.389999389648 -106.139999389648 -114.839996337891 -122.819999694824 -122.620002746582 -122.379997253418 -122.169998168945 -121.949996948242 -121.73999786377 -121.529998779297 -121.370002746582 -121.220001220703 -121.059997558594 -120.900001525879 -120.75 -120.580001831055 -120.410003662109 -120.26000213623 -120.099998474121 -119.959999084473 -119.819999694824 -119.620002746582 -119.459999084473 -136.880004882812 -148.259994506836 -148.020004272461 -147.559997558594 -147.190002441406 -146.789993286133 -146.380004882812
-102.559997558594 -102.360000610352 -102.169998168945 -101.980003356934 -101.75 -101.51000213623 -101.269996643066 -101.040000915527 -100.800003051758 -101.400001525879 -107.169998168945 -106.879997253418 -106.580001831055 -106.269996643066 -105.970001220703 -105.720001220703 -105.480003356934 -105.23999786377 -104.98999786377 -104.75 -108.050003051758 -121.98999786377 -121.800003051758 -121.599998474121 -121.389999389648 -121.180000305176 -120.970001220703 -120.76000213623 -120.589996337891 -120.430000305176 -120.269996643066 -120.110000610352 -119.940002441406 -119.779998779297 -119.629997253418 -119.519996643066 -119.440002441406 -119.349998474121 -119.23999786377 -119.059997558594 -118.819999694824 -120 -146.279998779297 -146.410003662109 -145.960006713867 -145.589996337891 -145.190002441406 -144.770004272461
-101.529998779297 -101.339996337891 -101.150001525879 -100.959999084473 -100.730003356934 -100.5 -100.26000213623 -100.019996643066 -99.7699966430664 -99.5199966430664 -103.690002441406 -105.48999786377 -105.190002441406 -104.879997253418 -104.569999694824 -104.319999694824 -104.080001831055 -103.839996337891 -103.599998474121 -103.360000610352 -103.129997253418 -117.98999786377 -120.970001220703 -120.769996643066 -120.569999694824 -120.379997253418 -120.180000305176 -119.98999786377 -119.819999694824 -119.660003662109 -119.48999786377 -119.330001831055 -119.169998168945 -119.01000213623 -118.849998474121 -118.720001220703 -118.709999084473 -118.669998168945 -118.610000610352 -118.559997558594 -118.379997253418 -118.129997253418 -134.550003051758 -144.720001220703 -144.360000610352 -143.990005493164 -143.600006103516 -143.160003662109
-100.51000213623 -100.309997558594 -100.120002746582 -99.9300003051758 -99.6999969482422 -99.4499969482422 -99.1999969482422 -98.9700012207031 -98.7200012207031 -98.4700012207031 -100.089996337891 -104.099998474121 -103.790000915527 -103.480003356934 -103.169998168945 -102.910003662109 -102.680000305176 -102.440002441406 -102.199996948242 -101.980003356934 -101.690002441406 -110.830001831055 -120.139999389648 -119.949996948242 -119.769996643066 -119.599998474121 -119.419998168945 -119.23999786377 -119.080001831055 -118.889999389648 -118.720001220703 -118.559997558594 -118.400001525879 -118.23999786377 -118.080001831055 -117.930000305176 -117.910003662109 -117.889999389648 -117.870002746582 -117.849998474121 -117.870002746582 -117.699996948242 -123.5 -143.169998168945 -142.75 -142.389999389648 -142.020004272461 -141.559997558594
-99.4400024414062 -99.2200012207031 -98.9899978637695 -98.7799987792969 -98.5899963378906 -98.3600006103516 -98.1100006103516 -97.879997253418 -97.6600036621094 -97.4199981689453 -97.1699981689453 -101.730003356934 -102.400001525879 -102.080001831055 -101.769996643066 -101.5 -101.279998779297 -101.050003051758 -100.819999694824 -100.580001831055 -100.230003356934 -103.25 -119.389999389648 -119.209999084473 -119.029998779297 -118.849998474121 -118.669998168945 -118.5 -118.330001831055 -118.129997253418 -117.949996948242 -117.790000915527 -117.629997253418 -117.459999084473 -117.300003051758 -117.150001525879 -117.110000610352 -117.099998474121 -117.080001831055 -117.069999694824 -117.069999694824 -117.120002746582 -117.160003662109 -140.410003662109 -141.630004882812 -140.869995117188 -140.419998168945 -139.970001220703
-98.3300018310547 -98.0800018310547 -97.8499984741211 -97.6600036621094 -97.4899978637695 -97.2699966430664 -97.0199966430664 -96.7900009155273 -96.5599975585938 -96.3399963378906 -96.1100006103516 -98.379997253418 -101.019996643066 -100.699996948242 -100.379997253418 -100.089996337891 -99.8300018310547 -99.5500030517578 -99.2900009155273 -99.0299987792969 -98.6900024414062 -98.3199996948242 -113.099998474121 -118.470001220703 -118.290000915527 -118.099998474121 -117.919998168945 -117.76000213623 -117.569999694824 -117.370002746582 -117.180000305176 -117.019996643066 -116.849998474121 -116.690002441406 -116.529998779297 -116.379997253418 -116.309997558594 -116.300003051758 -116.279998779297 -116.269996643066 -116.26000213623 -116.279998779297 -116.360000610352 -138.130004882812 -139.839996337891 -139.330001831055 -138.830001831055 -138.350006103516
-97.2099990844727 -96.9400024414062 -96.7099990844727 -96.5500030517578 -96.379997253418 -96.1800003051758 -95.9300003051758 -95.6999969482422 -95.4700012207031 -95.2399978637695 -95.0199966430664 -95.1699981689453 -99.2900009155273 -99.0199966430664 -98.5599975585938 -98.1999969482422 -97.9499969482422 -97.7200012207031 -97.4899978637695 -97.2699966430664 -97.0100021362305 -96.7399978637695 -104.559997558594 -117.720001220703 -117.540000915527 -117.349998474121 -117.180000305176 -117.01000213623 -116.809997558594 -116.599998474121 -116.410003662109 -116.23999786377 -116.080001831055 -115.919998168945 -115.76000213623 -115.599998474121 -115.51000213623 -115.5 -115.48999786377 -115.470001220703 -115.459999084473 -115.449996948242 -115.470001220703 -136.270004272461 -138.240005493164 -137.710006713867 -137.199996948242 -136.720001220703
-96.0699996948242 -95.7900009155273 -95.6100006103516 -95.4400024414062 -95.2699966430664 -95.0899963378906 -94.8499984741211 -94.6100006103516 -94.379997253418 -94.1500015258789 -93.9400024414062 -93.7200012207031 -95.5100021362305 -97.0299987792969 -96.5899963378906 -96.2900009155273 -96.0699996948242 -95.870002746582 -95.6900024414062 -95.5199966430664 -95.25 -94.9899978637695 -95.25 -116.150001525879 -116.779998779297 -116.589996337891 -116.440002441406 -116.23999786377 -116.040000915527 -115.839996337891 -115.639999389648 -115.470001220703 -115.309997558594 -115.150001525879 -114.98999786377 -114.830001831055 -114.709999084473 -114.699996948242 -114.690002441406 -114.669998168945 -114.660003662109 -114.650001525879 -114.599998474121 -134.389999389648 -136.619995117188 -136.089996337891 -135.570007324219 -135.100006103516
-94.9300003051758 -94.629997253418 -94.5 -94.3300018310547 -94.1600036621094 -94 -93.7600021362305 -93.5199966430664 -93.2900009155273 -93.0599975585938 -92.8499984741211 -92.629997253418 -92.4700012207031 -94.8199996948242 -94.620002746582 -94.379997253418 -94.1699981689453 -94.0100021362305 -93.879997253418 -93.7600021362305 -93.5 -93.3199996948242 -93.2099990844727 -106.830001831055 -116.029998779297 -115.860000610352 -115.680000305176 -115.480003356934 -115.279998779297 -115.080001831055 -114.879997253418 -114.699996948242 -114.540000915527 -114.379997253418 -114.209999084473 -114.050003051758 -113.910003662109 -113.900001525879 -113.889999389648 -113.870002746582 -113.860000610352 -113.830001831055 -113.709999084473 -132.570007324219 -135 -134.470001220703 -133.949996948242 -133.460006713867
-99.4000015258789 -93.5699996948242 -93.4000015258789 -93.2300033569336 -93.0599975585938 -92.8899993896484 -92.6699981689453 -92.4300003051758 -92.1999969482422 -91.9700012207031 -91.7399978637695 -91.5199966430664 -91.3099975585938 -92.0100021362305 -92.7200012207031 -92.4700012207031 -92.2600021362305 -92.1500015258789 -92.0699996948242 -92.0100021362305 -91.7699966430664 -91.7099990844727 -91.5699996948242 -96.8499984741211 -115.269996643066 -115.110000610352 -114.919998168945 -114.720001220703 -114.519996643066 -114.319999694824 -114.120002746582 -113.930000305176 -113.769996643066 -113.599998474121 -113.440002441406 -113.279998779297 -113.129997253418 -113.099998474121 -113.089996337891 -113.080001831055 -113.059997558594 -112.940002441406 -112.830001831055 -130.740005493164 -133.380004882812 -132.850006103516 -132.330001831055 -131.830001831055
-100.379997253418 -95.3199996948242 -92.3399963378906 -92.120002746582 -91.9499969482422 -91.7799987792969 -91.5800018310547 -91.3399963378906 -91.1100006103516 -90.870002746582 -90.629997253418 -90.3899993896484 -90.1900024414062 -90.0299987792969 -90.5100021362305 -90.4700012207031 -90.3499984741211 -90.2900009155273 -90.25 -90.2200012207031 -90.1699981689453 -90.0699996948242 -89.9400024414062 -89.8399963378906 -108.569999694824 -114.360000610352 -114.160003662109 -113.959999084473 -113.76000213623 -113.550003051758 -113.349998474121 -113.160003662109 -113 -112.830001831055 -112.669998168945 -112.51000213623 -112.360000610352 -112.300003051758 -112.290000915527 -112.279998779297 -112.169998168945 -112.029998779297 -111.930000305176 -128.929992675781 -131.779998779297 -131.220001220703 -130.669998168945 -130.190002441406
-99.5 -97.75 -91.370002746582 -91.120002746582 -90.8899993896484 -90.6699981689453 -90.4899978637695 -90.25 -90.0100021362305 -89.7600021362305 -89.5299987792969 -89.3000030517578 -89.0800018310547 -88.870002746582 -88.9800033569336 -89.370002746582 -89.3499984741211 -89.3300018310547 -89.3000030517578 -88.9599990844727 -88.870002746582 -88.7900009155273 -88.6999969482422 -88.5899963378906 -96.7399978637695 -113.610000610352 -113.400001525879 -113.190002441406 -112.98999786377 -112.790000915527 -112.589996337891 -112.389999389648 -112.220001220703 -112.059997558594 -111.900001525879 -111.730003356934 -111.580001831055 -111.5 -111.48999786377 -111.400001525879 -111.25 -111.129997253418 -110.970001220703 -127.139999389648 -130.179992675781 -129.660003662109 -129.210006713867 -128.800003051758
-98.5100021362305 -98.3300018310547 -92.8099975585938 -90.1399993896484 -89.9000015258789 -89.6699981689453 -89.4199981689453 -89.1600036621094 -88.8899993896484 -88.6399993896484 -88.4100036621094 -88.1900024414062 -87.9800033569336 -87.7699966430664 -87.5599975585938 -88.3899993896484 -88.5500030517578 -88.5299987792969 -87.7900009155273 -87.6999969482422 -87.6100006103516 -87.5199966430664 -87.4300003051758 -87.3399963378906 -87.25 -107.730003356934 -112.680000305176 -112.449996948242 -112.230003356934 -112.029998779297 -111.830001831055 -111.629997253418 -111.449996948242 -111.290000915527 -111.129997253418 -110.959999084473 -110.800003051758 -110.699996948242 -110.629997253418 -110.480003356934 -110.330001831055 -110.160003662109 -110 -125.470001220703 -128.740005493164 -128.279998779297 -127.860000610352 -127.440002441406
-97.5199966430664 -97.3399963378906 -95.1500015258789 -89.1900024414062 -88.9300003051758 -88.620002746582 -88.3399963378906 -88.0599975585938 -87.7699966430664 -87.5100021362305 -87.2900009155273 -87.0800018310547 -86.8600006103516 -86.6500015258789 -86.4400024414062 -86.8399963378906 -87.75 -86.629997253418 -86.5400009155273 -86.4400024414062 -86.3499984741211 -86.25 -86.1600036621094 -86.0699996948242 -85.9800033569336 -95.6100006103516 -111.970001220703 -111.730003356934 -111.5 -111.279998779297 -111.059997558594 -110.860000610352 -110.680000305176 -110.519996643066 -110.349998474121 -110.190002441406 -110.029998779297 -109.900001525879 -109.769996643066 -109.639999389648 -109.519996643066 -109.389999389648 -109.26000213623 -123.919998168945 -127.330001831055 -126.919998168945 -126.5 -126.069999694824
-96.5199966430664 -96.3499984741211 -96.1800003051758 -90.3300018310547 -87.879997253418 -87.5400009155273 -87.2399978637695 -86.9400024414062 -86.6500015258789 -86.3899993896484 -86.1699981689453 -85.9599990844727 -85.7399978637695 -85.5299987792969 -85.3199996948242 -85.1600036621094 -85.5100021362305 -85.379997253418 -85.2799987792969 -85.1900024414062 -85.0899963378906 -84.9800033569336 -84.8899993896484 -84.8000030517578 -84.6900024414062 -84.5899963378906 -105.769996643066 -110.980003356934 -110.76000213623 -110.529998779297 -110.319999694824 -110.099998474121 -109.919998168945 -109.76000213623 -109.610000610352 -109.459999084473 -109.319999694824 -109.169998168945 -109.040000915527 -108.910003662109 -108.790000915527 -108.660003662109 -108.529998779297 -122.400001525879 -125.970001220703 -125.550003051758 -125.139999389648 -124.720001220703
-95.5199966430664 -95.3499984741211 -95.1800003051758 -92.9300003051758 -86.7900009155273 -86.4400024414062 -86.120002746582 -85.8199996948242 -85.5299987792969 -85.2600021362305 -85.0500030517578 -84.8399963378906 -84.629997253418 -84.4100036621094 -84.1999969482422 -84.1399993896484 -84.1600036621094 -84.120002746582 -84.0299987792969 -83.9300003051758 -83.8399963378906 -83.7099990844727 -83.620002746582 -83.5100021362305 -83.3600006103516 -83.129997253418 -92.3199996948242 -110.190002441406 -109.970001220703 -109.779998779297 -109.589996337891 -109.379997253418 -109.209999084473 -109.040000915527 -108.879997253418 -108.73999786377 -108.599998474121 -108.459999084473 -108.319999694824 -108.180000305176 -108.059997558594 -107.930000305176 -107.800003051758 -120.879997253418 -124.569999694824 -124.190002441406 -123.779998779297 -123.370002746582
-94.5199966430664 -94.3499984741211 -94.1699981689453 -93.9899978637695 -88.7699966430664 -85.3199996948242 -85 -84.7099990844727 -84.4100036621094 -84.120002746582 -83.9199981689453 -83.7200012207031 -83.5100021362305 -83.3000030517578 -83.1100006103516 -83.0800018310547 -83.0100021362305 -82.8499984741211 -82.7699966430664 -82.6800003051758 -82.5800018310547 -82.4499969482422 -82.3499984741211 -82.1800003051758 -81.9700012207031 -81.6600036621094 -81.3499984741211 -101.98999786377 -109.269996643066 -109.069999694824 -108.870002746582 -108.669998168945 -108.48999786377 -108.309997558594 -108.150001525879 -108.019996643066 -107.879997253418 -107.73999786377 -107.599998474121 -107.459999084473 -107.330001831055 -107.199996948242 -107.080001831055 -119.389999389648 -123.160003662109 -122.790000915527 -122.419998168945 -122.01000213623
-93.5299987792969 -93.3499984741211 -93.1600036621094 -92.9899978637695 -91.8000030517578 -84.379997253418 -83.879997253418 -83.5899963378906 -83.2900009155273 -83 -82.7900009155273 -82.5999984741211 -82.3899993896484 -82.1900024414062 -82.0299987792969 -81.9800033569336 -81.8499984741211 -81.6999969482422 -81.5400009155273 -81.3899993896484 -81.3300018310547 -81.1900024414062 -81.0500030517578 -80.8000030517578 -80.5 -80.1900024414062 -79.9199981689453 -88.0299987792969 -108.559997558594 -108.360000610352 -108.150001525879 -107.940002441406 -107.76000213623 -107.580001831055 -107.430000305176 -107.290000915527 -107.160003662109 -107.019996643066 -106.879997253418 -106.73999786377 -106.599998474121 -106.470001220703 -106.349998474121 -117.910003662109 -121.730003356934 -121.370002746582 -121.019996643066 -120.629997253418
-92.5299987792969 -92.3300018310547 -92.1500015258789 -91.9800033569336 -91.8099975585938 -87.5 -82.7399978637695 -82.4700012207031 -82.1699981689453 -81.879997253418 -81.6600036621094 -81.4800033569336 -81.2799987792969 -81.1100006103516 -80.9599990844727 -80.8600006103516 -80.6900024414062 -80.5400009155273 -80.379997253418 -80.2300033569336 -80.0800018310547 -79.9300003051758 -79.7399978637695 -79.5 -79.2699966430664 -79.0400009155273 -78.8399963378906 -78.6600036621094 -97.75 -107.650001525879 -107.419998168945 -107.209999084473 -107.019996643066 -106.849998474121 -106.709999084473 -106.569999694824 -106.440002441406 -106.300003051758 -106.160003662109 -106.019996643066 -105.879997253418 -105.73999786377 -105.610000610352 -116.449996948242 -120.309997558594 -119.959999084473 -119.680000305176 -119.349998474121
-91.5199966430664 -91.3199996948242 -91.1500015258789 -90.9700012207031 -90.7900009155273 -90.620002746582 -82.9499969482422 -81.2799987792969 -81.0100021362305 -80.7600021362305 -80.5299987792969 -80.3600006103516 -80.1900024414062 -80.0299987792969 -79.879997253418 -79.7200012207031 -79.5699996948242 -79.4199981689453 -79.2699966430664 -79.120002746582 -78.9599990844727 -78.8099975585938 -78.620002746582 -78.379997253418 -78.1500015258789 -77.9199981689453 -77.6900024414062 -78.1100006103516 -78.629997253418 -106.910003662109 -106.690002441406 -106.470001220703 -106.279998779297 -106.129997253418 -105.98999786377 -105.849998474121 -105.709999084473 -105.580001831055 -105.440002441406 -105.300003051758 -105.160003662109 -105.019996643066 -104.889999389648 -115.150001525879 -119.110000610352 -118.830001831055 -118.5 -118.150001525879
