2020_iah-belgium_abitm/a-brief-introduction-to-modelmuse_data-based-modelling/data/aquifer-bottom.asc
NCOLS 350 
NROWS 276 
XLLCORNER 193000 
YLLCORNER 178300 
CELLSIZE 100 
NODATA_value -9999 
[rows 110 to 131 of 276, columns 240 to 287 of 350]
-83.5500030517578 -83.2799987792969 -82.9899978637695 -84.7799987792969 -93.1100006103516 -92.8499984741211 -92.5800018310547 -92.3199996948242 -92.0500030517578 -91.8000030517578 -91.5800018310547 -91.3600006103516 -91.1399993896484 -90.9199981689453 -90.6999969482422 -90.4800033569336 -90.2699966430664 -90.0500030517578 -89.8199996948242 -89.5699996948242 -89.3199996948242 -89.0500030517578 -88.7900009155273 -88.5299987792969 -88.2699966430664 -88.0199966430664 -87.7600021362305 -87.5100021362305 -87.2600021362305 -87.0400009155273 -86.8600006103516 -86.6699981689453 -86.4800033569336 -86.2900009155273 -86.0999984741211 -85.9100036621094 -85.7099990844727 -85.5199966430664 -85.3300018310547 -85.2099990844727 -85.1100006103516 -85 -84.8899993896484 -84.7799987792969 -84.5800018310547 -84.3499984741211 -145.940002441406 -154.179992675781
-82.5899963378906 -82.3099975585938 -82.0299987792969 -81.75 -86.4800033569336 -91.9000015258789 -91.629997253418 -91.379997253418 -91.1100006103516 -90.8499984741211 -90.629997253418 -90.4100036621094 -90.1900024414062 -89.9800033569336 -89.7200012207031 -89.4700012207031 -89.2300033569336 -88.9800033569336 -88.7300033569336 -88.4899978637695 -88.2399978637695 -87.9800033569336 -87.7200012207031 -87.4700012207031 -87.2099990844727 -86.9599990844727 -86.7099990844727 -86.4599990844727 -86.2099990844727 -85.9800033569336 -85.7900009155273 -85.5999984741211 -85.4000015258789 -85.2099990844727 -85.0100021362305 -84.8099975585938 -84.5999984741211 -84.4000015258789 -84.2099990844727 -84.0699996948242 -83.9400024414062 -83.8099975585938 -83.6999969482422 -83.5699996948242 -83.3399963378906 -83.1100006103516 -136.710006713867 -150.580001831055
-81.629997253418 -81.3499984741211 -81.0699996948242 -80.7900009155273 -80.5 -87.0299987792969 -90.6699981689453 -90.4100036621094 -90.1500015258789 -89.8899993896484 -89.6399993896484 -89.3899993896484 -89.1500015258789 -88.8899993896484 -88.629997253418 -88.379997253418 -88.1399993896484 -87.8899993896484 -87.6500015258789 -87.4100036621094 -87.1699981689453 -86.9100036621094 -86.6600036621094 -86.4000015258789 -86.1500015258789 -85.9000015258789 -85.6500015258789 -85.4100036621094 -85.1600036621094 -84.9199981689453 -84.7300033569336 -84.5299987792969 -84.3300018310547 -84.120002746582 -83.9199981689453 -83.7099990844727 -83.5 -83.2799987792969 -83.0899963378906 -82.9300003051758 -82.7799987792969 -82.629997253418 -82.5100021362305 -82.3199996948242 -82.0999984741211 -135.910003662109 -135.270004272461 -141.339996337891
-80.6600036621094 -80.3899993896484 -80.1100006103516 -79.8300018310547 -79.5599975585938 -79.2900009155273 -87.3199996948242 -89.379997253418 -89.0999984741211 -88.8300018310547 -88.5699996948242 -88.3199996948242 -88.0699996948242 -87.8000030517578 -87.5299987792969 -87.2900009155273 -87.0500030517578 -86.8099975585938 -86.5699996948242 -86.3300018310547 -86.0899963378906 -85.8399963378906 -85.5899963378906 -85.3399963378906 -85.0899963378906 -84.8399963378906 -84.5999984741211 -84.3499984741211 -84.1100006103516 -83.870002746582 -83.6600036621094 -83.4599990844727 -83.25 -83.0400009155273 -82.8300018310547 -82.6100006103516 -82.3899993896484 -82.1699981689453 -81.9700012207031 -81.7900009155273 -81.620002746582 -81.4499969482422 -81.3099975585938 -81.0800018310547 -80.8600006103516 -134.600006103516 -133.960006713867 -133.380004882812
-79.7399978637695 -79.4899978637695 -79.2099990844727 -78.9300003051758 -78.6600036621094 -78.4000015258789 -79.3300018310547 -87.25 -88.0299987792969 -87.7600021362305 -87.5 -87.2399978637695 -86.9800033569336 -86.6999969482422 -86.4400024414062 -86.1900024414062 -85.9499969482422 -85.7200012207031 -85.4800033569336 -85.2399978637695 -85.0100021362305 -84.7600021362305 -84.5100021362305 -84.2699966430664 -84.0199966430664 -83.7799987792969 -83.5400009155273 -83.3000030517578 -83.0599975585938 -82.8199996948242 -82.6100006103516 -82.3899993896484 -82.1800003051758 -81.9599990844727 -81.7399978637695 -81.5199966430664 -81.2900009155273 -81.0699996948242 -80.8499984741211 -80.6600036621094 -80.4700012207031 -80.2699966430664 -80.0599975585938 -79.8099975585938 -133.940002441406 -133.300003051758 -132.669998168945 -132.059997558594
-78.9000015258789 -78.629997253418 -78.3499984741211 -78.0699996948242 -77.7900009155273 -77.5100021362305 -77.2300033569336 -79.4100036621094 -86.9499969482422 -86.6800003051758 -86.4199981689453 -86.1600036621094 -85.9000015258789 -85.6100006103516 -85.3399963378906 -85.0999984741211 -84.8600006103516 -84.629997253418 -84.3899993896484 -84.1600036621094 -83.9300003051758 -83.6900024414062 -83.4400024414062 -83.1999969482422 -82.9599990844727 -82.7200012207031 -82.4800033569336 -82.2399978637695 -82.0100021362305 -81.7699966430664 -81.5500030517578 -81.3300018310547 -81.1100006103516 -80.8899993896484 -80.6600036621094 -80.4300003051758 -80.1999969482422 -79.9499969482422 -79.6699981689453 -79.4100036621094 -79.1500015258789 -78.8899993896484 -78.620002746582 -133.279998779297 -132.639999389648 -131.990005493164 -131.380004882812 -130.75
-78.0500030517578 -77.7699966430664 -77.4899978637695 -77.2099990844727 -76.9300003051758 -76.6500015258789 -76.3600006103516 -76.0699996948242 -79.4300003051758 -85.6100006103516 -85.3399963378906 -85.0800018310547 -84.8099975585938 -84.5199966430664 -84.2399978637695 -84 -83.7699966430664 -83.5400009155273 -83.3000030517578 -83.0699996948242 -82.8399963378906 -82.6100006103516 -82.370002746582 -82.129997253418 -81.8899993896484 -81.6500015258789 -81.4199981689453 -81.1800003051758 -80.9499969482422 -80.7200012207031 -80.5 -80.2699966430664 -80.0400009155273 -79.7600021362305 -79.4599990844727 -79.1600036621094 -78.8600006103516 -78.5500030517578 -78.25 -77.9800033569336 -77.7099990844727 -77.4400024414062 -132.600006103516 -131.970001220703 -131.330001831055 -130.690002441406 -130.059997558594 -129.570007324219
-77.1900024414062 -76.9100036621094 -76.629997253418 -76.3499984741211 -76.0599975585938 -75.7699966430664 -75.4800033569336 -75.1900024414062 -74.9000015258789 -79.379997253418 -84.2600021362305 -83.9899978637695 -83.7200012207031 -83.4300003051758 -83.1500015258789 -82.9000015258789 -82.6699981689453 -82.4400024414062 -82.2099990844727 -81.9899978637695 -81.7600021362305 -81.5299987792969 -81.2900009155273 -81.0500030517578 -80.8199996948242 -80.5899963378906 -80.3499984741211 -80.120002746582 -79.870002746582 -79.5699996948242 -79.2799987792969 -78.9800033569336 -78.6800003051758 -78.379997253418 -78.0800018310547 -77.7699966430664 -77.4599990844727 -77.1500015258789 -76.8399963378906 -76.5599975585938 -76.2799987792969 -131.949996948242 -131.289993286133 -130.649993896484 -130.020004272461 -129.539993286133 -129.059997558594 -128.589996337891
-76.3199996948242 -76.0400009155273 -75.7699966430664 -75.4700012207031 -75.1800003051758 -74.8899993896484 -74.5999984741211 -74.3000030517578 -74.0100021362305 -73.7300033569336 -79.2799987792969 -82.9100036621094 -82.620002746582 -82.3399963378906 -82.0599975585938 -81.8000030517578 -81.5699996948242 -81.3499984741211 -81.120002746582 -80.9000015258789 -80.6699981689453 -80.4499969482422 -80.2099990844727 -79.9700012207031 -79.6900024414062 -79.4000015258789 -79.1100006103516 -78.8199996948242 -78.5199966430664 -78.2200012207031 -77.9199981689453 -77.6100006103516 -77.3099975585938 -77 -76.6900024414062 -76.379997253418 -76.0699996948242 -75.7600021362305 -75.4400024414062 -75.1399993896484 -131.350006103516 -130.669998168945 -129.990005493164 -129.529998779297 -129.080001831055 -128.600006103516 -128.110000610352 -127.610000610352
-75.4599990844727 -75.1800003051758 -74.8899993896484 -74.5899963378906 -74.3000030517578 -74.0100021362305 -73.7200012207031 -73.4199981689453 -73.120002746582 -72.8300018310547 -72.5599975585938 -78.620002746582 -81.5199966430664 -81.25 -80.9700012207031 -80.6999969482422 -80.4800033569336 -80.25 -80.0299987792969 -79.7799987792969 -79.5100021362305 -79.2300033569336 -78.9499969482422 -78.6600036621094 -78.370002746582 -78.0699996948242 -77.7799987792969 -77.4800033569336 -77.1699981689453 -76.870002746582 -76.5599975585938 -76.25 -75.9400024414062 -75.629997253418 -75.3099975585938 -75 -74.6800003051758 -74.3600006103516 -74.0400009155273 -130.759994506836 -130.080001831055 -129.619995117188 -129.179992675781 -128.720001220703 -128.220001220703 -127.720001220703 -127.23999786377 -126.76000213623
-74.5899963378906 -74.3000030517578 -74 -73.7099990844727 -73.4199981689453 -73.129997253418 -72.8300018310547 -72.5299987792969 -72.2200012207031 -71.9300003051758 -71.6399993896484 -71.3600006103516 -77.5599975585938 -80.0999984741211 -79.8099975585938 -79.5500030517578 -79.2900009155273 -79.0299987792969 -78.7799987792969 -78.5 -78.2099990844727 -77.9300003051758 -77.6399993896484 -77.3499984741211 -77.0500030517578 -76.75 -76.4400024414062 -76.1399993896484 -75.8300018310547 -75.5199966430664 -75.1999969482422 -74.879997253418 -74.5699996948242 -74.25 -73.9300003051758 -73.620002746582 -73.2900009155273 -72.9700012207031 -130.169998168945 -129.699996948242 -129.279998779297 -128.809997558594 -128.369995117188 -127.910003662109 -127.440002441406 -126.930000305176 -126.430000305176 -125.919998168945
-73.7099990844727 -73.4199981689453 -73.120002746582 -72.8300018310547 -72.5400009155273 -72.2399978637695 -71.9400024414062 -71.629997253418 -71.3300018310547 -71.0299987792969 -70.7300033569336 -70.4300003051758 -70.1600036621094 -76.4100036621094 -78.5800018310547 -78.2900009155273 -78.0299987792969 -77.7799987792969 -77.5100021362305 -77.2099990844727 -76.9100036621094 -76.629997253418 -76.3300018310547 -76.0400009155273 -75.7300033569336 -75.4300003051758 -75.120002746582 -74.8000030517578 -74.4899978637695 -74.1699981689453 -73.8499984741211 -73.5199966430664 -73.1999969482422 -72.879997253418 -72.5599975585938 -72.2399978637695 -71.9100036621094 -129.75 -129.350006103516 -128.929992675781 -128.5 -128.020004272461 -127.559997558594 -127.110000610352 -126.650001525879 -126.150001525879 -125.639999389648 -125.139999389648
-72.8600006103516 -72.5299987792969 -72.2399978637695 -71.9499969482422 -71.6600036621094 -71.3600006103516 -71.0500030517578 -70.7399978637695 -70.4199981689453 -70.1100006103516 -69.8000030517578 -69.4700012207031 -69.1500015258789 -69.0999984741211 -75.1699981689453 -77.0299987792969 -76.7799987792969 -76.5299987792969 -76.2399978637695 -75.9300003051758 -75.6100006103516 -75.3300018310547 -75.0299987792969 -74.7300033569336 -74.4199981689453 -74.1100006103516 -73.7900009155273 -73.4700012207031 -73.1500015258789 -72.8300018310547 -72.5 -72.1699981689453 -71.8399963378906 -71.5100021362305 -71.1900024414062 -70.8600006103516 -129.399993896484 -129 -128.589996337891 -128.169998168945 -127.730003356934 -127.25 -126.769996643066 -126.309997558594 -125.839996337891 -125.360000610352 -124.860000610352 -124.349998474121
-72.0400009155273 -71.7099990844727 -71.3899993896484 -71.0699996948242 -70.7699966430664 -70.4800033569336 -70.1600036621094 -69.8199996948242 -69.4800033569336 -69.1500015258789 -68.8300018310547 -68.4899978637695 -68.1600036621094 -67.8199996948242 -68.0199966430664 -74.2200012207031 -75.5299987792969 -75.2699966430664 -74.9700012207031 -74.6500015258789 -74.3300018310547 -74.0299987792969 -73.7300033569336 -73.4199981689453 -73.1100006103516 -72.7900009155273 -72.4700012207031 -72.1399993896484 -71.8199996948242 -71.4899978637695 -71.1500015258789 -70.8199996948242 -70.4800033569336 -70.1399993896484 -69.7900009155273 -128.820007324219 -128.649993896484 -128.240005493164 -127.830001831055 -127.410003662109 -126.949996948242 -126.470001220703 -125.98999786377 -125.519996643066 -125.050003051758 -124.559997558594 -124.069999694824 -123.569999694824
-71.2099990844727 -70.879997253418 -70.5500030517578 -70.2300033569336 -69.9000015258789 -69.5400009155273 -69.1800003051758 -68.8300018310547 -68.5100021362305 -68.1900024414062 -67.8600006103516 -67.5299987792969 -67.1900024414062 -66.8600006103516 -66.5299987792969 -67.6900024414062 -73.8199996948242 -74 -73.6800003051758 -73.3600006103516 -73.0400009155273 -72.7300033569336 -72.4300003051758 -72.120002746582 -71.8000030517578 -71.4800033569336 -71.1500015258789 -70.8199996948242 -70.4899978637695 -70.1500015258789 -69.7799987792969 -69.3899993896484 -68.9899978637695 -68.6100006103516 -118.610000610352 -122.370002746582 -127.900001525879 -127.480003356934 -127.059997558594 -126.639999389648 -126.180000305176 -125.699996948242 -125.220001220703 -124.730003356934 -124.26000213623 -123.769996643066 -123.290000915527 -122.790000915527
-55.5699996948242 -70.0100021362305 -69.6399993896484 -69.2699966430664 -68.9000015258789 -68.5400009155273 -68.1900024414062 -67.8399963378906 -67.5299987792969 -67.2099990844727 -66.9000015258789 -66.5699996948242 -66.2300033569336 -65.9000015258789 -65.5599975585938 -65.2300033569336 -67.4199981689453 -72.629997253418 -72.4000015258789 -72.0800018310547 -71.7600021362305 -71.4400024414062 -71.129997253418 -70.8199996948242 -70.5 -70.1699981689453 -69.8099975585938 -69.4100036621094 -69.0199966430664 -68.629997253418 -68.2300033569336 -67.8399963378906 -67.4400024414062 -118.019996643066 -117.319999694824 -116.629997253418 -124.040000915527 -126.730003356934 -126.300003051758 -125.879997253418 -125.400001525879 -124.919998168945 -124.440002441406 -123.959999084473 -123.480003356934 -122.98999786377 -122.5 -122
-41.9099998474121 -56.1399993896484 -68.629997253418 -68.2699966430664 -67.9100036621094 -67.5500030517578 -67.1900024414062 -66.8600006103516 -66.5599975585938 -66.25 -65.9300003051758 -65.5999984741211 -65.2699966430664 -64.9300003051758 -64.5999984741211 -64.2699966430664 -63.9099998474121 -65.629997253418 -70.6800003051758 -70.7900009155273 -70.4700012207031 -70.1600036621094 -69.8000030517578 -69.4000015258789 -69.0199966430664 -68.6600036621094 -68.2699966430664 -67.879997253418 -67.4800033569336 -67.0800018310547 -66.6900024414062 -66.2900009155273 -117.51000213623 -116.800003051758 -116.089996337891 -115.379997253418 -116.139999389648 -124.199996948242 -125.529998779297 -125.110000610352 -124.629997253418 -124.150001525879 -123.669998168945 -123.180000305176 -122.699996948242 -122.209999084473 -121.720001220703 -121.220001220703
-41.25 -41.0999984741211 -56.4099998474121 -67.2699966430664 -66.9199981689453 -66.5500030517578 -66.1999969482422 -65.879997253418 -65.5800018310547 -65.2699966430664 -64.9599990844727 -64.6399993896484 -64.3000030517578 -63.9700012207031 -63.6399993896484 -63.310001373291 -62.9500007629395 -62.560001373291 -63.8600006103516 -68.6999969482422 -69.0299987792969 -68.5899963378906 -68.1800003051758 -67.8099975585938 -67.4599990844727 -67.120002746582 -66.75 -66.3499984741211 -65.9400024414062 -65.5400009155273 -65.1399993896484 -117.01000213623 -116.290000915527 -115.569999694824 -114.860000610352 -114.150001525879 -113.389999389648 -114.730003356934 -123.400001525879 -124.330001831055 -123.849998474121 -123.370002746582 -122.889999389648 -122.410003662109 -121.930000305176 -121.440002441406 -120.949996948242 -120.440002441406
-40.5900001525879 -40.439998626709 -40.2900009155273 -56.9300003051758 -65.9199981689453 -65.5599975585938 -65.2099990844727 -64.9000015258789 -64.5999984741211 -64.2900009155273 -63.9799995422363 -63.6699981689453 -63.3400001525879 -63.0099983215332 -62.6800003051758 -62.3499984741211 -61.9900016784668 -61.6100006103516 -61.189998626709 -62.0699996948242 -65.7399978637695 -66.9899978637695 -66.5599975585938 -66.2200012207031 -65.9100036621094 -65.5800018310547 -65.2200012207031 -64.8199996948242 -64.4100036621094 -64 -116.48999786377 -115.76000213623 -115.050003051758 -114.339996337891 -113.629997253418 -112.919998168945 -112.139999389648 -111.349998474121 -113.349998474121 -122.650001525879 -123.089996337891 -122.589996337891 -122.110000610352 -121.629997253418 -121.150001525879 -120.669998168945 -120.180000305176 -119.76000213623
-39.939998626709 -39.7999992370605 -39.6699981689453 -39.5299987792969 -57.7000007629395 -64.5599975585938 -64.2300033569336 -63.9199981689453 -63.6199989318848 -63.3199996948242 -63.0099983215332 -62.7099990844727 -62.3800010681152 -62.0499992370605 -61.7200012207031 -61.3899993896484 -61.0400009155273 -60.6599998474121 -60.2299995422363 -59.7799987792969 -59.310001373291 -62.2099990844727 -64.9700012207031 -64.6699981689453 -64.370002746582 -64.0400009155273 -63.7000007629395 -63.2900009155273 -62.8800010681152 -115.959999084473 -115.199996948242 -114.48999786377 -113.800003051758 -113.120002746582 -112.400001525879 -111.690002441406 -110.889999389648 -110.099998474121 -109.330001831055 -112.069999694824 -120.830001831055 -121.870002746582 -121.379997253418 -120.889999389648 -120.410003662109 -119.940002441406 -119.569999694824 -119.199996948242
-39.3699989318848 -39.2299995422363 -39.0900001525879 -38.9599990844727 -40.0800018310547 -58.4700012207031 -63.25 -62.939998626709 -62.6399993896484 -62.3400001525879 -62.0299987792969 -61.7299995422363 -61.4099998474121 -61.0800018310547 -60.7599983215332 -60.4300003051758 -60.0999984741211 -59.6800003051758 -59.2400016784668 -58.8199996948242 -58.3699989318848 -57.9099998474121 -59.5800018310547 -63.1300010681152 -62.8300018310547 -62.5 -62.1599998474121 -61.7599983215332 -115.410003662109 -114.629997253418 -113.889999389648 -113.190002441406 -112.519996643066 -111.849998474121 -111.180000305176 -110.440002441406 -109.660003662109 -108.870002746582 -108.080001831055 -107.290000915527 -108.160003662109 -117.050003051758 -120.620002746582 -120.139999389648 -119.73999786377 -119.379997253418 -119.019996643066 -118.650001525879
-38.8199996948242 -38.6800003051758 -38.5400009155273 -38.4000015258789 -38.25 -42 -60.9700012207031 -61.9500007629395 -61.6599998474121 -61.3600006103516 -61.060001373291 -60.7599983215332 -60.4500007629395 -60.1199989318848 -59.7700004577637 -59.4000015258789 -59.0200004577637 -58.6100006103516 -58.1599998474121 -57.7400016784668 -57.3199996948242 -56.9099998474121 -56.4900016784668 -58.2799987792969 -61.3499984741211 -60.9700012207031 -60.6199989318848 -114.650001525879 -113.980003356934 -113.269996643066 -112.550003051758 -111.870002746582 -111.209999084473 -110.559997558594 -109.940002441406 -109.230003356934 -108.470001220703 -107.690002441406 -106.900001525879 -106.110000610352 -105.309997558594 -104.449996948242 -113.440002441406 -119.550003051758 -119.180000305176 -118.819999694824 -118.459999084473 -118.089996337891
