2020_iah-belgium_abitm/a-brief-introduction-to-modelmuse_data-based-modelling/data/land-surface.asc
NCOLS 350 
NROWS 276 
XLLCORNER 193000 
YLLCORNER 178300 
CELLSIZE 100 
NODATA_value -9999 
[rows 46 to 68 of 276, columns 208 to 259 of 350]
55.0699996948242 55.7700004577637 56.560001373291 57.0499992370605 57.6199989318848 59.0099983215332 59.7299995422363 60.0900001525879 60.3800010681152 60.8699989318848 61.2099990844727 61.4900016784668 61.9700012207031 61.9799995422363 62.0299987792969 62.3199996948242 62.7099990844727 62.6300010681152 62.2299995422363 61.7000007629395 61.060001373291 61.0699996948242 61.1500015258789 61.5999984741211 62.4300003051758 62.7900009155273 62.939998626709 62.9300003051758 63.1599998474121 63.6100006103516 63.9000015258789 64.0400009155273 63.8400001525879 63.939998626709 64.1399993896484 64.0800018310547 64.0199966430664 63.689998626709 63.5099983215332 63.4599990844727 63.4000015258789 63.5499992370605 63.7099990844727 63.9000015258789 64.3000030517578 65.1800003051758 65.5800018310547 66.0500030517578 66.0199966430664 66.0800018310547 66.1399993896484 66.1399993896484
56.439998626709 56.5099983215332 57.1399993896484 57.6800003051758 58.4099998474121 59.5200004577637 60.0499992370605 60.1699981689453 60.2299995422363 60.689998626709 61.2099990844727 61.3600006103516 61.5800018310547 61.5499992370605 61.5200004577637 62.0900001525879 62.25 62.3699989318848 61.8699989318848 60.939998626709 60.5900001525879 60.5299987792969 60.439998626709 61.1300010681152 62.5200004577637 63.0699996948242 63.0200004577637 63.2099990844727 63.5900001525879 64 64.3000030517578 64.4700012207031 64.5199966430664 64.6500015258789 64.629997253418 64.3099975585938 64.0299987792969 63.9199981689453 63.7900009155273 63.5299987792969 63.6500015258789 63.6800003051758 63.7999992370605 63.939998626709 64.3000030517578 65.0899963378906 65.5199966430664 65.9000015258789 66.0400009155273 66.1999969482422 66.3099975585938 66.4199981689453
57.0299987792969 57.0900001525879 57.6699981689453 58 58.5400009155273 59.4799995422363 59.9599990844727 59.7299995422363 59.6500015258789 59.689998626709 60.2599983215332 60.8300018310547 60.4700012207031 60.4799995422363 60.5099983215332 62.0499992370605 62.2900009155273 62.1800003051758 61.7200012207031 60.7200012207031 59.9799995422363 59.5200004577637 59.5900001525879 61.2400016784668 61.8899993896484 62.6300010681152 63 63.2999992370605 63.810001373291 64.370002746582 64.9199981689453 65.0400009155273 65 65 64.9899978637695 64.5199966430664 64.0999984741211 63.9000015258789 63.9099998474121 63.689998626709 63.8499984741211 63.8400001525879 63.9199981689453 63.9300003051758 64.2099990844727 65.0299987792969 65.5400009155273 65.9300003051758 66.1399993896484 66.379997253418 66.5699996948242 66.6600036621094
56.9799995422363 57.0800018310547 58.0400009155273 58.0800018310547 58.3199996948242 58.9799995422363 59.0999984741211 58.6800003051758 58.7299995422363 58.8300018310547 58.8800010681152 58.75 58.3400001525879 58.8300018310547 59.6199989318848 60.9099998474121 60.9900016784668 60.7400016784668 60.5999984741211 60.4799995422363 58.8499984741211 58.3699989318848 59 60 62.189998626709 62.2900009155273 63.0400009155273 63.2099990844727 63.689998626709 64.4300003051758 64.9899978637695 64.9199981689453 64.9400024414062 64.9199981689453 64.6999969482422 64.4300003051758 64.25 64.1999969482422 64.0699996948242 63.8199996948242 63.6599998474121 63.8300018310547 64.1100006103516 64.4599990844727 64.7099990844727 65.3600006103516 65.7900009155273 66.0100021362305 66.2600021362305 66.5899963378906 66.9000015258789 66.9899978637695
56.9799995422363 56.6300010681152 56.8600006103516 57.1500015258789 57.5800018310547 58.3300018310547 58.3400001525879 58.0900001525879 58.3300018310547 58.0200004577637 57.1399993896484 57.0699996948242 57.0499992370605 57.4300003051758 59.1500015258789 59.5999984741211 59.75 59.5299987792969 58.9199981689453 58.3300018310547 57.8300018310547 57.9700012207031 58.8499984741211 59.6100006103516 62 61.9700012207031 62.4900016784668 62.9900016784668 63.189998626709 64.0299987792969 64.129997253418 64.3199996948242 64.5299987792969 64.6999969482422 64.5 64.1399993896484 64.5999984741211 64.9300003051758 64.5100021362305 64.3099975585938 64.5299987792969 64.2699966430664 64.870002746582 65.2300033569336 65.5500030517578 66.1500015258789 66.3399963378906 66.120002746582 66.4000015258789 66.7399978637695 67.0199966430664 67
56.3199996948242 55.9900016784668 55.8199996948242 56.2799987792969 56.6100006103516 57.4099998474121 57.5900001525879 57.3400001525879 56.939998626709 57.1300010681152 56.4199981689453 56.2999992370605 56.1300010681152 56.5299987792969 57.5099983215332 58.1199989318848 58.2400016784668 57.9700012207031 57.9799995422363 58.5800018310547 58.9900016784668 59.0299987792969 59.7700004577637 61.0900001525879 61.5800018310547 61.6800003051758 62.189998626709 62.7299995422363 62.9300003051758 63.7299995422363 63.939998626709 64.5100021362305 64.3499984741211 64.620002746582 64.629997253418 66.0999984741211 66.1999969482422 65.8600006103516 65.8300018310547 66.2200012207031 65.9000015258789 65.5899963378906 65.9100036621094 66.1999969482422 66.9199981689453 67.0599975585938 66.7699966430664 66.4599990844727 66.5299987792969 66.8000030517578 67 67
56.0099983215332 55.4799995422363 55.189998626709 55.5699996948242 55.7900009155273 56.2000007629395 56.2099990844727 55.7900009155273 56.1100006103516 55.7900009155273 55.9300003051758 55.9599990844727 55.9000015258789 56.25 56.939998626709 57.5299987792969 57.9599990844727 58.0499992370605 58.4799995422363 59.8800010681152 59.0400009155273 59.2599983215332 61.6500015258789 61.1399993896484 61 61.0200004577637 60.8699989318848 62.75 64.2200012207031 64.0199966430664 65.0699996948242 65.620002746582 67.1399993896484 65.9599990844727 66.2399978637695 66.6800003051758 66.879997253418 66.5299987792969 66.379997253418 66.0400009155273 66 66.0800018310547 66 66.2300033569336 66.4000015258789 66.3499984741211 66.4499969482422 66.3899993896484 66.6100006103516 66.9100036621094 67 67
55.5400009155273 54.939998626709 54.6199989318848 55.1100006103516 55.189998626709 55.1800003051758 54.8899993896484 54.9300003051758 55.2700004577637 55.2599983215332 55.439998626709 55.7400016784668 56.4000015258789 57.1199989318848 57.5099983215332 57.7900009155273 57.9599990844727 58.310001373291 58.7599983215332 58.8300018310547 59.0099983215332 59.6699981689453 60.9099998474121 61.1599998474121 60.9900016784668 61.0999984741211 62.3199996948242 63.3899993896484 64.4300003051758 64.7200012207031 65.129997253418 65.9000015258789 66.6800003051758 66.2200012207031 66.3899993896484 67.0299987792969 67.0599975585938 66.6600036621094 66.2300033569336 66 66 66 66.0999984741211 65.8899993896484 65.5 65.1900024414062 65.8499984741211 66.2799987792969 66.5699996948242 66.9700012207031 67 67
55.2400016784668 54.4099998474121 53.6300010681152 54.2099990844727 54.5400009155273 54.6100006103516 54.5 54.2999992370605 54.4599990844727 54.4599990844727 54.4599990844727 56.4199981689453 57.0699996948242 57.5099983215332 58.1699981689453 58.0200004577637 58.0299987792969 58.5999984741211 58.6100006103516 59.1399993896484 60.0299987792969 60.3300018310547 60.75 61.4099998474121 62.060001373291 62.7599983215332 63.1500015258789 63.5099983215332 64.6399993896484 65.1600036621094 65.2200012207031 65.6600036621094 65.9800033569336 66.129997253418 66.129997253418 66.7099990844727 66.4000015258789 66.0400009155273 66.0400009155273 65.9400024414062 65.7600021362305 65.4300003051758 65.2699966430664 64.9499969482422 65 64.9800033569336 65.4899978637695 66 66.2900009155273 67.0800018310547 67.0299987792969 67
54.3400001525879 53.3199996948242 52.6599998474121 53.2700004577637 53.9700012207031 54.2700004577637 54.1500015258789 54.0099983215332 53.9599990844727 54.0400009155273 54.0400009155273 55.3600006103516 57.0499992370605 58.810001373291 59.2900009155273 59.0200004577637 58.6699981689453 59.25 59.6699981689453 60.4300003051758 60.4799995422363 60.5499992370605 61.2900009155273 62.1599998474121 62.5499992370605 63.1699981689453 63.0900001525879 63.3499984741211 63.7299995422363 65 65.0899963378906 65.1900024414062 64.8600006103516 65.3899993896484 65.7300033569336 65.8000030517578 65.8899993896484 66 66 65.8000030517578 65.4000015258789 64.9599990844727 65 64.9700012207031 65.0199966430664 65.1500015258789 65.5699996948242 65.8600006103516 65.8300018310547 66.3300018310547 66.6500015258789 66.7900009155273
53.3699989318848 52.3499984741211 51.9500007629395 52.5099983215332 53.2700004577637 53.8899993896484 53.9799995422363 53.5900001525879 53.4799995422363 53.9300003051758 54.2400016784668 55.8199996948242 57.8300018310547 59.4700012207031 59.9900016784668 61.1199989318848 60.7999992370605 60.6399993896484 60.6800003051758 60.6199989318848 60.9799995422363 61.6100006103516 62.1800003051758 62.0400009155273 62.3199996948242 62.5499992370605 62.8300018310547 62.8699989318848 63.189998626709 63.7700004577637 64.6100006103516 64.8099975585938 64.3300018310547 64.8000030517578 65.379997253418 65.9100036621094 66 66 66 65.8300018310547 65.5299987792969 65.1800003051758 65.0599975585938 65.0999984741211 65.25 65.5 65.7099990844727 65.870002746582 66 66.0699996948242 66.3399963378906 66.4899978637695
52.4099998474121 51.2299995422363 50.9799995422363 51.7599983215332 52.2799987792969 53.1800003051758 53.0200004577637 52.7200012207031 53.0200004577637 53.25 53.7999992370605 55.6599998474121 57.3499984741211 59.9700012207031 61.1100006103516 61.4000015258789 61.2700004577637 60.9000015258789 61.0099983215332 61.1300010681152 61.939998626709 62.0999984741211 62.060001373291 61.9199981689453 61.1599998474121 61.439998626709 62.0699996948242 62.6100006103516 63.0400009155273 63.2900009155273 63.7799987792969 63.9700012207031 64.0500030517578 64.6600036621094 65.3499984741211 66.0500030517578 66 66 66.0100021362305 65.9899978637695 65.8099975585938 65.5400009155273 65.4199981689453 65.4199981689453 65.5400009155273 65.7200012207031 65.8399963378906 65.9400024414062 66 66.0100021362305 66.1600036621094 66.2600021362305
51.0200004577637 50.810001373291 50.8300018310547 51.2900009155273 51.5400009155273 51.4799995422363 51.5800018310547 52.189998626709 52.6500015258789 52.939998626709 53.7200012207031 55.8899993896484 57.560001373291 60.2599983215332 61.5299987792969 61.8600006103516 62.060001373291 61.7599983215332 61.0800018310547 61.1800003051758 61.7099990844727 61.6100006103516 61.2099990844727 60.9099998474121 61 61.0299987792969 61.7000007629395 62.3699989318848 62.9300003051758 62.9199981689453 63.6500015258789 64.1399993896484 64.5400009155273 64.9700012207031 65.4300003051758 65.870002746582 66 66 66 66 66.0199966430664 65.870002746582 65.7200012207031 65.7300033569336 65.7900009155273 65.9599990844727 66.0100021362305 66 66 66 66.0699996948242 66.1999969482422
50.7400016784668 50.7400016784668 50.6599998474121 50.810001373291 51.3600006103516 51.2799987792969 51.4000015258789 51.8600006103516 52.2000007629395 52.6300010681152 53.4500007629395 55.6100006103516 57.2000007629395 59.4900016784668 61.3600006103516 61.8199996948242 62 61.5999984741211 60.7400016784668 61.0200004577637 61.1100006103516 60.9500007629395 60.8899993896484 61.189998626709 61.3699989318848 61.0499992370605 61.6800003051758 62.4599990844727 63.2599983215332 63.7599983215332 64.3000030517578 64.7799987792969 65.0199966430664 65.1800003051758 65.5299987792969 65.8899993896484 66 66 66 66 66 66.0199966430664 65.9700012207031 66 65.9899978637695 66 66 66 66 66.0100021362305 66.0299987792969 66.0699996948242
50.5 50.1699981689453 49.9099998474121 49.8400001525879 50.3199996948242 51.0099983215332 50.8699989318848 50.9799995422363 51.189998626709 51.939998626709 53.439998626709 55.1800003051758 55.9199981689453 57.5200004577637 59.6599998474121 60.7700004577637 60.5699996948242 59.689998626709 59.7700004577637 60.9900016784668 61 60.9199981689453 61.439998626709 62.3400001525879 62.3499984741211 62.0299987792969 62.2599983215332 63.1599998474121 64.1900024414062 64.3899993896484 65.0299987792969 65 65 65.2699966430664 65.6100006103516 66 66 66 66 66 66 66 66 66 66.0299987792969 65.8899993896484 65.7300033569336 65.75 65.8000030517578 65.9899978637695 66.0699996948242 66
48.3300018310547 48.310001373291 48.5400009155273 48.7599983215332 49.0200004577637 49.4799995422363 49.9700012207031 50.3499984741211 50.7799987792969 51.6199989318848 53.1399993896484 53.4599990844727 55.5699996948242 56.6399993896484 56.939998626709 58.0499992370605 58.1199989318848 57.6800003051758 58.7200012207031 60.3199996948242 61.0900001525879 61.5900001525879 62.3899993896484 62.8699989318848 63.2000007629395 63.2000007629395 63.0200004577637 63.6399993896484 64.1399993896484 64.5299987792969 64.9800033569336 65.0899963378906 65.0800018310547 65.2399978637695 65.4700012207031 65.879997253418 66.120002746582 66 66 66 66 66 66.0899963378906 65.75 65.3099975585938 65.3899993896484 65.4000015258789 65.379997253418 65.4100036621094 65.5299987792969 65.6100006103516 65.6500015258789
47.7999992370605 47.8600006103516 47.8699989318848 48.2599983215332 48.7200012207031 49.1500015258789 49.7400016784668 49.9000015258789 50.2099990844727 50.939998626709 52.0900001525879 51.9099998474121 52.8400001525879 54.4000015258789 55.5200004577637 56.4099998474121 56.8800010681152 57.3199996948242 58.5800018310547 59.9300003051758 61.0099983215332 62.1800003051758 62.9000015258789 63.2599983215332 63.3400001525879 63.4799995422363 63.6500015258789 63.9700012207031 64.0899963378906 64.379997253418 64.6600036621094 64.9899978637695 65.1100006103516 65.1100006103516 65.1600036621094 65.0599975585938 65.5100021362305 66.0100021362305 66 66 66.0100021362305 65.8899993896484 65.5500030517578 64.9400024414062 64.9300003051758 65.1100006103516 65.0800018310547 65.120002746582 64.9700012207031 64.9499969482422 65 65.1600036621094
48 47.8600006103516 48.1500015258789 48.7000007629395 49.3499984741211 49.6599998474121 49.8600006103516 49.8499984741211 50.5 51.3600006103516 52.7999992370605 53.3899993896484 54.6300010681152 55.2200012207031 55.6100006103516 57.2000007629395 57.1300010681152 57.0999984741211 57.8199996948242 59.4500007629395 61.4099998474121 63.0900001525879 63.1399993896484 63.4199981689453 63.7000007629395 63.8600006103516 64.0299987792969 64 64 64.0999984741211 64.25 64.4800033569336 64.7300033569336 64.870002746582 64.9000015258789 64.9400024414062 65.4199981689453 66.0299987792969 66.0199966430664 66 65.9400024414062 65.4100036621094 65.0400009155273 64.7699966430664 64.6100006103516 64.5199966430664 64.4499969482422 64.3199996948242 64.1800003051758 64.5100021362305 64.9000015258789 65
47.8699989318848 48.1800003051758 48.9199981689453 49.9799995422363 50.3499984741211 50.3899993896484 50.310001373291 50.6500015258789 51.7299995422363 52.4300003051758 53.4900016784668 54.3800010681152 55.9000015258789 56.6100006103516 57.0999984741211 57.439998626709 57.9500007629395 58.4900016784668 59.2900009155273 59.2900009155273 61.5699996948242 62.9599990844727 63.1300010681152 63.7799987792969 63.9599990844727 64 64 64 64.2099990844727 64.1500015258789 63.7799987792969 64.1500015258789 64.1500015258789 64.1399993896484 64.4199981689453 64.3000030517578 65.2699966430664 65.5800018310547 65.9499969482422 66 65.8399963378906 64.9300003051758 64.379997253418 64.379997253418 64.2200012207031 63.8600006103516 63.8400001525879 63.9099998474121 64.0899963378906 64.6699981689453 65.1600036621094 65.5599975585938
48.2400016784668 48.7400016784668 49.8499984741211 50.5800018310547 50.9900016784668 51.2200012207031 51.4199981689453 52.2799987792969 52.6599998474121 52.8300018310547 53.9199981689453 55 55.8199996948242 57.2099990844727 58.0099983215332 58.689998626709 59.4300003051758 59.8800010681152 61.0299987792969 60.6300010681152 61.7200012207031 63.2900009155273 63.3199996948242 64.3399963378906 64.5 64.2900009155273 64.0299987792969 64.0100021362305 63.75 62.2000007629395 61.6699981689453 63.8899993896484 62.8199996948242 62.0299987792969 62.8499984741211 64.0299987792969 64.9000015258789 65.4300003051758 65.7200012207031 66.1100006103516 65.5100021362305 64.5199966430664 63.7700004577637 63.5900001525879 63.4900016784668 63.0800018310547 63.0699996948242 63.7900009155273 64.7600021362305 65.4300003051758 66.0699996948242 66.0299987792969
48.7999992370605 49.4000015258789 50.5 51.2200012207031 51.4900016784668 51.4599990844727 52.2599983215332 53.2900009155273 53.9700012207031 54.5999984741211 55.5400009155273 56.4099998474121 56.810001373291 57.8199996948242 59.189998626709 60.6399993896484 61.2700004577637 62.0900001525879 62.6100006103516 62.2299995422363 63.1300010681152 64.120002746582 65.2900009155273 65.9599990844727 65.0599975585938 64.7399978637695 64.1399993896484 63.7299995422363 63.2599983215332 61.6100006103516 60.9099998474121 63.060001373291 61.0999984741211 61.8899993896484 63.2799987792969 63.9500007629395 63.9500007629395 63.9500007629395 64.2399978637695 64.8499984741211 64.4499969482422 63.9799995422363 63.3699989318848 62.6199989318848 61.2799987792969 61.689998626709 63.7099990844727 64.6999969482422 65.129997253418 65.379997253418 65.6100006103516 65.7099990844727
49.5800018310547 50.310001373291 51.4599990844727 51.8300018310547 52.6500015258789 53.7599983215332 54.9799995422363 55.3300018310547 55.5099983215332 55.7700004577637 56.8400001525879 58.25 58.6800003051758 59.5099983215332 60.7099990844727 61.8400001525879 62.5499992370605 63.1399993896484 63.689998626709 64.0199966430664 64.1600036621094 64.620002746582 67.5800018310547 65.620002746582 65.4300003051758 64.629997253418 64.0500030517578 63.6699981689453 62.7999992370605 60.6699981689453 59.9599990844727 60.0200004577637 59.9199981689453 59.9700012207031 61.3800010681152 62.9799995422363 63.5200004577637 63.4199981689453 63.6100006103516 63.5400009155273 63.5800018310547 62.9300003051758 61.9300003051758 61.1599998474121 61.0499992370605 63.5499992370605 64.3499984741211 65.120002746582 64.9800033569336 65.0699996948242 65.3099975585938 65.1600036621094
50.3499984741211 51.25 52.2900009155273 53.4799995422363 54.7099990844727 55.2599983215332 54.9199981689453 55.9700012207031 56.4000015258789 57.0699996948242 58.2099990844727 59.1300010681152 59.6199989318848 60.25 61.1699981689453 62.7400016784668 63.2700004577637 63.4000015258789 64.0199966430664 64.0599975585938 63.9099998474121 63.7799987792969 63.6500015258789 63.6100006103516 63.3899993896484 63.560001373291 63.5800018310547 63.3699989318848 62.0400009155273 60.4000015258789 59.3400001525879 58.5999984741211 58.5999984741211 59.2299995422363 61.3400001525879 63.1199989318848 63.2599983215332 63.3199996948242 63.2599983215332 63.1500015258789 62.810001373291 61.6399993896484 59.9199981689453 60.3699989318848 63.4900016784668 64.0199966430664 64.3499984741211 64.3199996948242 64.379997253418 63.2099990844727 64.0500030517578 63.7400016784668
