2020_iah-belgium_abitm/a-brief-introduction-to-modelmuse_data-based-modelling/data/land-surface.asc
NCOLS 350 
NROWS 276 
XLLCORNER 193000 
YLLCORNER 178300 
CELLSIZE 100 
NODATA_value -9999 
[rows 46 to 68 of 276, columns 156 to 207 of 350]
-9999 -9999 -9999 -9999 -9999 -9999 44.6699981689453 44.7000007629395 45.9599990844727 45.9900016784668 45.689998626709 44.6800003051758 45.060001373291 45.689998626709 46.3499984741211 47.7200012207031 49.0099983215332 47.2299995422363 47.0900001525879 47.4500007629395 47.8899993896484 48.5900001525879 49.9799995422363 49.5200004577637 48.4300003051758 48.689998626709 49.7400016784668 49.0900001525879 49 49.0999984741211 48.4900016784668 47.9900016784668 48 48 48 48 48.1399993896484 48.4300003051758 48.7599983215332 49.0699996948242 49.5999984741211 50.0999984741211 50.5699996948242 51.0499992370605 51.5800018310547 52.2099990844727 52.5699996948242 52.6500015258789 52.75 53.439998626709 54.1100006103516 54.5800018310547
-9999 -9999 -9999 -9999 -9999 45.4199981689453 45.7799987792969 47.0200004577637 47.7000007629395 47.9199981689453 46.689998626709 45.5 45.8899993896484 46.0900001525879 46.2299995422363 46.9900016784668 48.9099998474121 48.2700004577637 46.9199981689453 47.1699981689453 47.4099998474121 47.6199989318848 48.0499992370605 47.7999992370605 47.7900009155273 49.0699996948242 49.9700012207031 49.4000015258789 49.1100006103516 48.8499984741211 47.9000015258789 48 48.0099983215332 48.0299987792969 48.0999984741211 48 48.2000007629395 48.4700012207031 48.7799987792969 49.0499992370605 49.6800003051758 50.3899993896484 51.060001373291 51.5400009155273 52.1500015258789 52.5900001525879 53.0400009155273 53.3899993896484 54.0299987792969 54.1300010681152 54.5699996948242 55.9799995422363
-9999 -9999 -9999 45.1599998474121 45.9000015258789 46.5400009155273 47.2400016784668 47.6500015258789 48.1300010681152 48.0099983215332 47.3699989318848 46.3800010681152 46.1100006103516 46.0400009155273 46.1399993896484 46.3300018310547 47.3800010681152 46.8600006103516 46.7099990844727 46.75 46.9000015258789 46.8899993896484 47.0400009155273 47.5299987792969 47.9599990844727 48.5099983215332 48.3300018310547 48.3699989318848 48.6399993896484 48.2299995422363 48 47.810001373291 48.2599983215332 48.5400009155273 48.2999992370605 47.9900016784668 48.2099990844727 48.4700012207031 48.9199981689453 49.1399993896484 49.6800003051758 50.8699989318848 51.0200004577637 51.7799987792969 52.1800003051758 52.8800010681152 53.0800018310547 53.6199989318848 54.5999984741211 54.8199996948242 55.3300018310547 56.5699996948242
-9999 -9999 44.8800010681152 45.3300018310547 45.8800010681152 45.8899993896484 47.1100006103516 47.7799987792969 47.7700004577637 47.6399993896484 47.3600006103516 47.189998626709 46.2900009155273 45.810001373291 45.689998626709 45.5 45.439998626709 46.0099983215332 46.25 46.2700004577637 46.4500007629395 46.6399993896484 46.7599983215332 47.2000007629395 47.5800018310547 47.6399993896484 47.5900001525879 47.5 47.5800018310547 47.7900009155273 47.939998626709 48.6599998474121 49.1800003051758 48.9000015258789 48.5699996948242 48.1199989318848 48.0099983215332 48.4300003051758 48.9099998474121 49.439998626709 49.9300003051758 50.8499984741211 51.1399993896484 51.689998626709 52.439998626709 53.1399993896484 53.2299995422363 53.6800003051758 55.2200012207031 55.8800010681152 56.3400001525879 56.9300003051758
43.0999984741211 43.7799987792969 44.6599998474121 45.3499984741211 45.9099998474121 46.0499992370605 46.1399993896484 46.439998626709 46.8199996948242 47.1199989318848 46.7799987792969 46.0900001525879 45.4199981689453 45.0699996948242 45.0800018310547 45.1199989318848 44.9700012207031 45.4599990844727 45.8300018310547 46 46.1300010681152 46.4799995422363 46.5099983215332 46.9799995422363 47.0200004577637 47.0299987792969 46.9500007629395 46.6599998474121 46.4000015258789 46.439998626709 46.7200012207031 47.3400001525879 47.9799995422363 48.3499984741211 48.810001373291 49.3699989318848 46.7999992370605 50.0099983215332 49.1800003051758 50.060001373291 50.7799987792969 51.2700004577637 52.689998626709 51.6500015258789 52.439998626709 52.9500007629395 52.9599990844727 53.9500007629395 55.0099983215332 55.7299995422363 56.2400016784668 56.7599983215332
43.4799995422363 44.0400009155273 44.7799987792969 45.5900001525879 46.0200004577637 46 45.9500007629395 46.0400009155273 45.0900001525879 44.8499984741211 43.9199981689453 44.3600006103516 44.2799987792969 44.2999992370605 44.5800018310547 44.75 44.9099998474121 45.2799987792969 45.5800018310547 46.0200004577637 46.0400009155273 45.7299995422363 45.7799987792969 46.0800018310547 46.3199996948242 46.4199981689453 46.3899993896484 45.8300018310547 45.3400001525879 45.3199996948242 45.8300018310547 46.2900009155273 46.7000007629395 47.0299987792969 47.0699996948242 47 46.6800003051758 47.3699989318848 48.810001373291 49.689998626709 50.5699996948242 51.6500015258789 51.8699989318848 51.7799987792969 52.2400016784668 52.8600006103516 53.1599998474121 53.8199996948242 54.5299987792969 55.0099983215332 55.7599983215332 56.2400016784668
45.4199981689453 45.2900009155273 45.560001373291 46.0299987792969 46 46 45.9700012207031 45.6300010681152 45.0499992370605 44.6599998474121 44.0699996948242 44 44 44 44.0200004577637 44.1100006103516 43.9700012207031 44.3400001525879 44.3800010681152 44.5299987792969 44.5 44.4099998474121 44.7999992370605 45.5800018310547 46 46.1500015258789 45.6500015258789 44.9000015258789 44.310001373291 43.9900016784668 44.7000007629395 45.3499984741211 45.5 45.6399993896484 45.7900009155273 45.9000015258789 46.7200012207031 47.9700012207031 48.9799995422363 50.0299987792969 50.9300003051758 52.1699981689453 52.7799987792969 53.2999992370605 52.939998626709 53.0699996948242 53.1100006103516 53.4900016784668 54.1500015258789 54.9099998474121 55.9300003051758 56.0299987792969
46.189998626709 46.310001373291 46.2999992370605 46.189998626709 46 46 45.9500007629395 45.810001373291 45.2999992370605 44.7299995422363 44.4900016784668 44.1500015258789 44.0099983215332 44 44 44 43.9300003051758 43.5400009155273 43.3800010681152 43.3600006103516 43.5499992370605 43.8499984741211 44.560001373291 45.6100006103516 46.6199989318848 45.6199989318848 44.5400009155273 43.6699981689453 43.1500015258789 43.0499992370605 43.810001373291 44.2599983215332 44.6500015258789 44.9199981689453 45.2400016784668 46.2299995422363 47.6300010681152 48.689998626709 49.5 50.2799987792969 51.1399993896484 52.4300003051758 53.3800010681152 56.189998626709 54.9300003051758 54.2299995422363 52.7299995422363 53.0099983215332 54.0499992370605 55.5499992370605 56.1800003051758 56.0200004577637
44.5299987792969 44.1399993896484 44.5200004577637 46.3199996948242 46.0099983215332 45.8699989318848 46 46 46 45.5200004577637 44.6199989318848 44.1399993896484 43.9900016784668 44 44 44 43.7999992370605 43.0299987792969 42.9799995422363 42.9300003051758 43.1199989318848 43.8400001525879 44.8600006103516 46.6500015258789 47.1300010681152 44.7299995422363 43.4099998474121 42.6300010681152 42.810001373291 42.939998626709 43 43.6300010681152 44.9300003051758 45.5699996948242 46.189998626709 47.0900001525879 48.4300003051758 48.7999992370605 49.6800003051758 50.2599983215332 51.3400001525879 52.7099990844727 53.2999992370605 53.9799995422363 54.1199989318848 54.0200004577637 51.8899993896484 52.5 54.4300003051758 56.1300010681152 56.2099990844727 55.7099990844727
43.9900016784668 43.4799995422363 43.6800003051758 46.3199996948242 45.8899993896484 46.4700012207031 45.9799995422363 46 46.0099983215332 46.0499992370605 44.6500015258789 44.4500007629395 44.2799987792969 44.0900001525879 44 44 44.0400009155273 44 42.8800010681152 43 43.1599998474121 44.2200012207031 47.2599983215332 47.6300010681152 45.4199981689453 43.7700004577637 42.6199989318848 42.2799987792969 42.4000015258789 42.7700004577637 43.2200012207031 44.4700012207031 45.4599990844727 45.9700012207031 46.9799995422363 48.1300010681152 48.5499992370605 48.9000015258789 49.9000015258789 50.4599990844727 51.310001373291 52.4599990844727 53.8600006103516 53.0499992370605 51.5200004577637 51.2900009155273 51.5099983215332 52.8400001525879 54.5400009155273 55.6399993896484 55.0900001525879 54.7099990844727
44.9500007629395 47.2599983215332 46.9900016784668 46.810001373291 47.0499992370605 47.0800018310547 45.8600006103516 46.0200004577637 45.689998626709 45.2599983215332 45.0699996948242 44.9700012207031 45.0200004577637 44.1699981689453 44.0499992370605 44 44.0800018310547 44.1100006103516 43.3800010681152 42.75 42.3199996948242 42.310001373291 43.0999984741211 44.4599990844727 43.7900009155273 42.4700012207031 41.9500007629395 41.9000015258789 42.2400016784668 43.2700004577637 44.0299987792969 45.1500015258789 45.9500007629395 47.0099983215332 47.9099998474121 48.3600006103516 48.7700004577637 49.0699996948242 50.2299995422363 51 51.2999992370605 50.2599983215332 50.0800018310547 50.2200012207031 50.060001373291 50.1500015258789 51.1399993896484 52.6599998474121 54.0299987792969 53.1599998474121 53.3199996948242 53.4199981689453
45.8199996948242 46.4099998474121 46.439998626709 46.1599998474121 45.7400016784668 45.5499992370605 44.7299995422363 45.0900001525879 44.9900016784668 45.1699981689453 45.0400009155273 44.9599990844727 43.0699996948242 42.1199989318848 42.939998626709 43.5299987792969 43.4799995422363 43.2099990844727 42.7099990844727 42.0999984741211 41.439998626709 41.3899993896484 41.6100006103516 41.9300003051758 41.5999984741211 41.3499984741211 41.7000007629395 41.9300003051758 42.810001373291 43.5800018310547 44.4300003051758 46.0200004577637 46.6699981689453 48.3899993896484 48.3800010681152 48.7700004577637 48.9099998474121 49.2200012207031 49.3499984741211 48.9300003051758 48.3800010681152 48.3300018310547 48.6199989318848 48.5999984741211 48.8400001525879 49.5099983215332 50.5999984741211 51.7099990844727 52.5999984741211 52.1399993896484 52.0800018310547 52.810001373291
44.5400009155273 44.689998626709 44.8499984741211 45.3199996948242 44.3899993896484 43.9700012207031 43.5900001525879 43.75 43.75 43.8600006103516 43.1599998474121 42.25 41.6500015258789 42 41.7799987792969 42.6199989318848 42.7999992370605 42.5400009155273 42.25 41.1599998474121 40.7299995422363 40.7599983215332 40.6599998474121 40.6300010681152 40.75 40.9000015258789 41.4599990844727 42.1599998474121 42.9000015258789 43.9199981689453 44.7700004577637 45.4500007629395 45.6300010681152 49.0400009155273 48.7900009155273 48.3499984741211 46.810001373291 48.0800018310547 46.7000007629395 46.810001373291 46.810001373291 47.0499992370605 47.5800018310547 47.8600006103516 48.5800018310547 49.1399993896484 49.8199996948242 50.4799995422363 51.0999984741211 50.8600006103516 50.810001373291 50.8499984741211
43.2700004577637 43.5299987792969 43.7799987792969 44.2099990844727 44.0400009155273 45.0299987792969 46.0999984741211 41.9500007629395 41.1599998474121 41.3499984741211 41.1699981689453 40.9700012207031 41.7599983215332 41.9900016784668 42 42.1399993896484 42.2900009155273 41.9700012207031 41.1800003051758 40.6199989318848 40.4500007629395 40.1500015258789 40 40.3699989318848 40.8199996948242 41.0999984741211 41.6300010681152 42.4000015258789 43.4500007629395 44.6300010681152 45.1300010681152 45.0499992370605 44.6100006103516 44.6300010681152 44.6800003051758 45.2900009155273 45.6199989318848 46 46.7999992370605 46.9700012207031 46.8499984741211 47 47.7900009155273 48.1599998474121 48.4199981689453 49.9099998474121 50.1800003051758 50.0299987792969 49.9799995422363 50.5 51 50.8300018310547
42.5 43.1599998474121 44.0499992370605 44.0699996948242 43.7400016784668 42.7200012207031 41.1699981689453 40.8800010681152 40.7900009155273 40.5999984741211 40.8600006103516 41.2999992370605 42.1100006103516 42 42 42.0800018310547 41.7900009155273 41.2000007629395 40.5699996948242 40.4199981689453 40.0999984741211 39.9300003051758 39.9300003051758 40.2000007629395 40.7999992370605 41.3400001525879 42.0099983215332 43 44.4700012207031 45.2200012207031 44.4000015258789 43.6699981689453 44.3600006103516 44.9500007629395 45.5800018310547 46.7799987792969 47.0499992370605 47.0400009155273 47.0400009155273 47.1399993896484 47.8899993896484 48.0900001525879 48.0400009155273 48.5 49.8400001525879 48.8199996948242 48.9700012207031 49.4300003051758 49.5200004577637 50.2900009155273 50.7999992370605 51.0400009155273
42.2200012207031 43.1300010681152 43.7400016784668 43.5499992370605 41.7599983215332 40.9599990844727 40.75 40.6699981689453 40.8699989318848 40.8300018310547 40.9599990844727 41.310001373291 41.9900016784668 42 42 41.9199981689453 41.3600006103516 40.0999984741211 40.1500015258789 40.0800018310547 39.9500007629395 40 40 40.0999984741211 40.7599983215332 41.3899993896484 42.1300010681152 43.1699981689453 44.4500007629395 44.5800018310547 43.9300003051758 43.8300018310547 45.4500007629395 44.6800003051758 45.1500015258789 45.7200012207031 46.560001373291 46.6399993896484 46.5900001525879 46.7700004577637 47.310001373291 47.4900016784668 47.5400009155273 47.4500007629395 47.7299995422363 47.9900016784668 48.1199989318848 48.3699989318848 48.5400009155273 48.7900009155273 48.7999992370605 48.5900001525879
41.8499984741211 43.1100006103516 42.7000007629395 40.4799995422363 40.4000015258789 40.2999992370605 40.2000007629395 40.4700012207031 40.7700004577637 41 41 40.9500007629395 41.0299987792969 42.0400009155273 42.0400009155273 41.7299995422363 41.0400009155273 39.810001373291 40 40 40 40 40 40.1800003051758 40.6599998474121 41.5699996948242 42.3300018310547 42.75 43.7400016784668 43.8899993896484 43.8499984741211 43.5499992370605 43.3600006103516 43.0699996948242 43.2999992370605 44.9500007629395 45.9700012207031 46.1800003051758 46 45.7700004577637 46.310001373291 46.6300010681152 46.4900016784668 46.3499984741211 46.439998626709 46.7400016784668 46.9199981689453 47.2099990844727 47.6300010681152 48.0999984741211 48.060001373291 47.8499984741211
41.5 40.7799987792969 40.5900001525879 40.1800003051758 40.1599998474121 39.9799995422363 40.0099983215332 40.3400001525879 40.7700004577637 40.9799995422363 41.0299987792969 41.1599998474121 41.6199989318848 42.0900001525879 42.0299987792969 41.5800018310547 40.8600006103516 39.9099998474121 40 40 40 40 39.9300003051758 40.5200004577637 41.1800003051758 42.1300010681152 42.2900009155273 42.7200012207031 43.1199989318848 43.3400001525879 43.2799987792969 43.0200004577637 42.6800003051758 42.7299995422363 42.8800010681152 44.5200004577637 45.3199996948242 45.4500007629395 45.1699981689453 45.3699989318848 45.7000007629395 45.7599983215332 45.810001373291 45.8400001525879 45.7299995422363 45.9900016784668 46.0400009155273 46.3499984741211 46.6800003051758 47.0699996948242 47.6100006103516 47.8800010681152
39.9199981689453 40.2099990844727 40.1199989318848 39.8899993896484 39.9500007629395 40 40.0499992370605 40.3800010681152 40.8699989318848 41.0200004577637 41.0499992370605 41.5200004577637 41.9799995422363 42 41.9500007629395 41.4300003051758 40.9000015258789 40.2599983215332 40 40 40 40 40.1599998474121 40.8300018310547 41.3400001525879 41.939998626709 42.2200012207031 42.5499992370605 42.8600006103516 43.0999984741211 43.0499992370605 43.1100006103516 42.2400016784668 41.9799995422363 42.7599983215332 43.9900016784668 44.7400016784668 45.0200004577637 45 45.060001373291 45.1599998474121 45.2400016784668 45.3199996948242 45.5200004577637 45.75 45.9199981689453 45.9199981689453 46.1300010681152 46.7099990844727 47.0200004577637 47.5 47.8300018310547
39.9000015258789 40.1699981689453 39.9900016784668 40.75 39.6599998474121 39.8199996948242 39.9099998474121 40.3300018310547 40.8300018310547 40.9500007629395 41.4300003051758 41.7400016784668 41.7299995422363 42 41.9700012207031 41.3899993896484 41.1399993896484 40.6100006103516 40 40 40 40 40.2999992370605 40.5999984741211 41.2200012207031 42.0699996948242 42.0800018310547 42.2900009155273 42.5499992370605 42.7400016784668 42.7799987792969 42.5099983215332 41.9300003051758 42.0499992370605 42.9799995422363 44 44.2799987792969 44.5999984741211 44.7900009155273 44.6800003051758 44.6199989318848 44.7400016784668 44.9500007629395 45.2400016784668 45.6500015258789 45.8800010681152 46.0699996948242 46.5200004577637 46.9300003051758 47.310001373291 47.7099990844727 47.9000015258789
40.7299995422363 41.2000007629395 41.810001373291 40.75 40.3800010681152 40.1199989318848 40.189998626709 40.5699996948242 40.810001373291 41.1500015258789 42.1800003051758 42.4799995422363 42.8300018310547 41.9599990844727 41.9300003051758 41.0800018310547 40.7200012207031 40.1199989318848 40 40 40 40 40.189998626709 40.560001373291 41.8800010681152 42.0499992370605 41.9000015258789 42.060001373291 42.2900009155273 42.3800010681152 42.310001373291 42.0299987792969 42 42.1100006103516 42.8400001525879 42.810001373291 43.6199989318848 43.9099998474121 43.8899993896484 43.9000015258789 43.9700012207031 44.4700012207031 44.8300018310547 45.189998626709 45.6800003051758 46.0900001525879 46.4900016784668 46.9900016784668 47.4300003051758 47.7900009155273 48.1800003051758 48.5099983215332
40.6100006103516 40.0800018310547 40.2400016784668 40.5699996948242 40.3499984741211 41.1399993896484 40.9599990844727 41.3600006103516 40.7400016784668 41.1199989318848 42.0699996948242 42.9799995422363 43.0499992370605 41.7599983215332 41.0499992370605 40.5299987792969 40.1800003051758 40 40 40 40 40 40.0699996948242 40.5200004577637 40.8699989318848 41.3499984741211 41.3899993896484 41.4599990844727 41.4099998474121 41.2099990844727 41.4300003051758 41.6500015258789 41.8199996948242 41.8199996948242 42.2000007629395 42.7200012207031 43.0800018310547 43.4900016784668 43.7400016784668 43.8899993896484 43.9199981689453 44.4799995422363 45.0400009155273 45.3800010681152 45.7700004577637 46.2099990844727 46.7299995422363 47.25 47.7200012207031 48.3199996948242 48.7999992370605 49.25
39.3699989318848 38.6300010681152 37.25 36.9900016784668 37.810001373291 40.1300010681152 41.5400009155273 42.2400016784668 42.2400016784668 41.2200012207031 41.4000015258789 41.75 40.810001373291 41.1300010681152 40.7400016784668 40.2799987792969 40.0200004577637 40 40 40 40 40 39.9000015258789 40.0800018310547 40.4300003051758 40.6399993896484 40.9199981689453 40.9799995422363 40.8400001525879 41 40.9300003051758 41.3499984741211 41.6399993896484 41.8800010681152 41.939998626709 42.6699981689453 43.1199989318848 43.2099990844727 43.5400009155273 43.810001373291 43.9099998474121 45 45.2900009155273 45.6599998474121 45.9199981689453 46.4099998474121 46.7700004577637 47.3400001525879 48.0499992370605 48.7099990844727 49.3800010681152 50.0200004577637
