2020_iah-belgium_abitm/a-brief-introduction-to-modelmuse_data-based-modelling/data/land-surface.asc
NCOLS 350 
NROWS 276 
XLLCORNER 193000 
YLLCORNER 178300 
CELLSIZE 100 
NODATA_value -9999 
[rows 184 to 206 of 276, columns 52 to 103 of 350]
50.4300003051758 46.5200004577637 47.8699989318848 45.3899993896484 40.2099990844727 36.5800018310547 34.9199981689453 32.9300003051758 30.7999992370605 27.9200000762939 27.2800006866455 27.2999992370605 28.4799995422363 30.9400005340576 33.8400001525879 36.4300003051758 40.3400001525879 42.7700004577637 45.0099983215332 47.8899993896484 48.3600006103516 48.9300003051758 48.9900016784668 48.4599990844727 47.6599998474121 46.1699981689453 41.7000007629395 36.8499984741211 32.7900009155273 30.6399993896484 29.0799999237061 27.6399993896484 26.6499996185303 25.8799991607666 25.0699996948242 24.8700008392334 24.9099998474121 25.7099990844727 26.7800006866455 27.2999992370605 27.8899993896484 29.7199993133545 31.0400009155273 32.5200004577637 33.2799987792969 34.0200004577637 34.060001373291 34.6500015258789 35.6100006103516 36.6699981689453 35.1500015258789 32.0800018310547
43.7299995422363 38.6500015258789 36.8199996948242 35.6199989318848 34.5699996948242 33.3899993896484 32.25 30.0599994659424 27.2800006866455 26.9200000762939 27.2099990844727 27.0900001525879 27.8600006103516 29.6700000762939 33.3199996948242 37.189998626709 42.6699981689453 45.7099990844727 47.1100006103516 48.6500015258789 48.8199996948242 48.6300010681152 48.2700004577637 47.2299995422363 46.7299995422363 47.3300018310547 46.3300018310547 37.4799995422363 32.5 29.2999992370605 27.8199996948242 27.0699996948242 25.0599994659424 24.8199996948242 24.8700008392334 25.1599998474121 26.0599994659424 26.7299995422363 27.5100002288818 28.7800006866455 30.0300006866455 31.3199996948242 33.189998626709 34.2700004577637 35.5400009155273 35.6300010681152 34.9799995422363 34.9599990844727 35.939998626709 40.1199989318848 37.5299987792969 31.5900001525879
36.8199996948242 32.6699981689453 32.6199989318848 33.1199989318848 33 31.2199993133545 28.6000003814697 25.1200008392334 24.5599994659424 26.7999992370605 27.7199993133545 29.4400005340576 29.8400001525879 29.6900005340576 31.1000003814697 34.310001373291 39.1699981689453 44.810001373291 45.5200004577637 45.6399993896484 45.2700004577637 44.4599990844727 43.3800010681152 42.4900016784668 42.5299987792969 46.0900001525879 50.7099990844727 37.4199981689453 32.4900016784668 29.6100006103516 28.0400009155273 26.4500007629395 24.8500003814697 24.7999992370605 25.5400009155273 26.2399997711182 27.4799995422363 28.5300006866455 30.1700000762939 31.0300006866455 31.7299995422363 34.0200004577637 35.0099983215332 36.8899993896484 37 36.1699981689453 34.75 33.9599990844727 34.0200004577637 34.0299987792969 30.6800003051758 26
28.8799991607666 30.1599998474121 30.8099994659424 31.9300003051758 31.8199996948242 28.4799995422363 21.6000003814697 22.5599994659424 30.0499992370605 29.7299995422363 30.9500007629395 31.6900005340576 32.7599983215332 30.9599990844727 31.3999996185303 32.1399993896484 34.2200012207031 36.4700012207031 38.9900016784668 40.8600006103516 38.689998626709 37.1300010681152 36.2599983215332 36.0400009155273 35.1599998474121 35.3899993896484 35.439998626709 34.9300003051758 31.3400001525879 25.4200000762939 24.7999992370605 24.6499996185303 25.7299995422363 26.3999996185303 27.6200008392334 28.2900009155273 30.2800006866455 30.4699993133545 31.3099994659424 33.5400009155273 36.3899993896484 36.7299995422363 37.4300003051758 39.3499984741211 39.2000007629395 37.3499984741211 33.9199981689453 31.4599990844727 30.8099994659424 31.0100002288818 25.6599998474121 22.1499996185303
20.0499992370605 20.25 18.4799995422363 20.0200004577637 19.7600002288818 18.7600002288818 19.9599990844727 20.6399993896484 20.6100006103516 18.7800006866455 18.5100002288818 19.0300006866455 18.9899997711182 21.1599998474121 23.1399993896484 25.75 29.1499996185303 31.3299999237061 33.5099983215332 35.4300003051758 32.9000015258789 32.4199981689453 32.6199989318848 30.5900001525879 29.7999992370605 30.4899997711182 35.939998626709 28.4599990844727 28.4500007629395 25.0200004577637 25.3999996185303 26.7299995422363 26.3899993896484 28.6200008392334 29.0599994659424 30.3199996948242 30.9899997711182 32.5900001525879 32.8600006103516 35.1100006103516 38.8899993896484 40.189998626709 40.9300003051758 41.5900001525879 41.1199989318848 37.9300003051758 33.3499984741211 28.5599994659424 27.0300006866455 30.5799999237061 23.0900001525879 21.8700008392334
19.9500007629395 19.5400009155273 18.7299995422363 17.7600002288818 18 19.0200004577637 19.6200008392334 19.6200008392334 19.1499996185303 18.3400001525879 17.9099998474121 17.6900005340576 17.5300006866455 17.5699996948242 18.1700000762939 20.1000003814697 23.7000007629395 26.7399997711182 28.3500003814697 28.6100006103516 30.6299991607666 29.2800006866455 28.3299999237061 24.9500007629395 24.5499992370605 24.2199993133545 24.2000007629395 23.1200008392334 23.7600002288818 22.4099998474121 24.9099998474121 26.1700000762939 27.0100002288818 28.3199996948242 30.2800006866455 33.3400001525879 35.7599983215332 35.8699989318848 37.1699981689453 38.6599998474121 42.3899993896484 43.4799995422363 45.4099998474121 46.1100006103516 44.4199981689453 37.310001373291 31.0699996948242 25.5 23.4099998474121 22.5400009155273 22.1100006103516 22.5
20 19.5599994659424 19.2800006866455 18.4899997711182 18.6599998474121 19.5900001525879 20 19.7800006866455 19.7199993133545 19.5100002288818 19.0200004577637 18.6499996185303 18.4500007629395 18.7199993133545 19.0100002288818 20.5699996948242 22.2999992370605 22.1599998474121 22.3199996948242 25.6399993896484 26.4599990844727 28.5900001525879 24.4500007629395 22.3700008392334 22.1000003814697 21.7099990844727 21.7199993133545 22.3199996948242 22.6499996185303 23.6800003051758 24.9599990844727 25.8899993896484 27.1299991607666 27.9799995422363 29.6599998474121 30.9899997711182 35.6599998474121 37.6300010681152 38.8300018310547 43.5299987792969 46.2900009155273 47.5400009155273 48.3199996948242 47.3800010681152 42.3800010681152 33.9000015258789 26.1900005340576 23.8199996948242 22.9599990844727 22.1599998474121 22.5 22.5
19.7000007629395 19.5900001525879 19.7299995422363 19.3500003814697 19.6599998474121 20 20 20 20 20 19.9200000762939 19.7199993133545 20 19.4799995422363 19.8400001525879 20.1800003051758 20.0699996948242 20.3099994659424 20.5 20.3799991607666 19.1499996185303 20.1599998474121 20.7900009155273 21.9699993133545 22.2600002288818 22.5 22.1700000762939 22.5 23.2700004577637 24.2600002288818 25.0200004577637 25.7199993133545 27.25 27.8500003814697 29.2099990844727 31.75 35.9300003051758 43.0900001525879 43.9500007629395 45.2999992370605 48.5499992370605 50.5800018310547 48.2700004577637 41.9599990844727 35.2299995422363 25.9699993133545 24.0300006866455 22.8700008392334 22.2800006866455 22.5 22.5 22.5
19.6000003814697 19.6100006103516 20 20 20 20 20 20 20 20 20 20 20 20 20 20 20 20 19.4300003051758 19.2800006866455 19.4799995422363 19.4899997711182 20.2900009155273 21.4899997711182 22.0599994659424 22.0900001525879 22.5 22.4799995422363 23.4699993133545 25.0799999237061 26.0699996948242 25.1399993896484 24.7700004577637 27.3299999237061 28.2700004577637 31.9400005340576 31.7399997711182 32.2700004577637 33.4300003051758 31.1399993896484 30.9300003051758 29.6800003051758 30.0499992370605 30.3799991607666 24.75 22.7399997711182 22.0699996948242 22.5 22.5 22.5 22.5 22.1599998474121
19.9799995422363 20.8199996948242 21.1000003814697 21.2199993133545 20.7999992370605 20.5 20.3700008392334 20.2700004577637 20.4099998474121 20.3299999237061 20.2099990844727 20 20 20 20 20 20 20 20 20 20 19.9899997711182 20.5 21.5499992370605 21.7199993133545 22 22.1700000762939 22.5 22.6000003814697 24.7800006866455 28.0699996948242 26.4899997711182 22.6000003814697 22.8600006103516 23.0799999237061 23.5900001525879 24.9099998474121 22.8099994659424 22.2000007629395 21.6599998474121 21.8099994659424 21.5400009155273 22.2700004577637 22 21.5799999237061 21.9200000762939 22.5 22.5 22.5 22.5 22.5 22.0799999237061
22.7999992370605 23.2700004577637 24.5599994659424 21.9599990844727 20.8400001525879 20.3600006103516 20.2700004577637 20.4400005340576 20.2600002288818 20.5 20.4699993133545 20 20 20 20 20 20 20 20 20 20 20.2900009155273 21.2800006866455 21.8199996948242 22.9200000762939 24.0699996948242 22.5400009155273 22.2900009155273 22.2700004577637 22.1000003814697 25.1599998474121 26.4599990844727 21.8500003814697 21.6599998474121 21.9599990844727 21.7600002288818 20.7900009155273 21.3500003814697 20.8799991607666 20.7999992370605 20.8899993896484 21.2900009155273 21.5100002288818 21.4799995422363 21.7099990844727 21.8999996185303 22.5 22.5 22.5 22.5 22.5 21.9899997711182
31.3999996185303 41.9500007629395 40 21.7199993133545 20.2999992370605 20.1299991607666 20.2999992370605 20.2800006866455 20.1200008392334 20.2600002288818 20.0900001525879 20 20 20 20 20 20 20 20 20 19.8299999237061 20.6800003051758 21.8999996185303 22.3099994659424 23.8700008392334 26.5900001525879 27.1700000762939 22.2800006866455 21.6399993896484 22.2600002288818 20.8099994659424 20.7999992370605 21.0699996948242 20.8500003814697 21.6100006103516 21.0300006866455 21.25 21.1100006103516 21.3299999237061 21.2000007629395 21.3099994659424 21.9699993133545 21.8299999237061 21.7900009155273 21.8899993896484 21.9899997711182 22.5 22.5 22.5 22.5 22.5 22
37.9500007629395 37.1300010681152 26.7399997711182 21.4200000762939 20.7299995422363 20.5200004577637 20.3500003814697 21.0100002288818 20.5200004577637 20.2199993133545 20.1100006103516 20 20 20 20 20 20 20 20 20 19.8999996185303 20.9599990844727 22.0900001525879 25.0799999237061 26.7199993133545 27.0200004577637 26.9500007629395 25.5599994659424 22.0599994659424 21.0400009155273 20.3799991607666 20.0900001525879 20.3500003814697 20.3199996948242 20.8899993896484 20.6499996185303 21.2999992370605 22.5 21.8500003814697 21.7700004577637 21.9799995422363 22.5 22.1399993896484 21.9599990844727 22.0599994659424 22.5 22.5 22.5 22.5 22.5 22.5 22.2800006866455
25.5100002288818 24.8899993896484 21.6499996185303 22.4699993133545 21.1700000762939 20.9899997711182 21.0900001525879 21.4599990844727 21.0699996948242 20.3299999237061 20.1000003814697 20 20 20 20 20 20 20 20 20 20.2600002288818 21.4699993133545 22.8999996185303 26.1499996185303 29.9400005340576 28.9400005340576 28.3600006103516 27.6200008392334 26.3500003814697 21.2199993133545 20.0499992370605 19.8199996948242 20 19.9699993133545 20.3500003814697 20.6299991607666 21.7399997711182 22.2800006866455 22.1900005340576 22.3799991607666 22.4500007629395 22.5 22.5 22.1499996185303 22.1299991607666 22.5 22.5 22.5 22.5 22.1000003814697 22.9799995422363 25.0200004577637
25.1399993896484 23.8700008392334 22.5200004577637 22.3799991607666 21.6700000762939 20.6499996185303 21.1299991607666 22.0900001525879 21.25 20.6800003051758 20.0799999237061 20 20 20 20 20 20 20 20 20 19.9699993133545 20.6200008392334 21.5699996948242 25.9500007629395 30.6200008392334 32.2299995422363 28.5900001525879 28.1399993896484 26.8400001525879 24.7900009155273 20.0599994659424 19.6900005340576 20 19.8099994659424 20.3799991607666 20.7399997711182 21.4699993133545 22.2999992370605 22.3999996185303 22.6900005340576 23.0100002288818 22.7800006866455 22.5 22.5 22.5 22.5 22.5 22.5 22.5 22.8199996948242 24.6700000762939 25.3899993896484
24.3899993896484 23.5100002288818 22.5699996948242 22.1399993896484 21.5300006866455 20.5200004577637 20.2000007629395 21.9400005340576 21.5499992370605 20.9899997711182 20.2099990844727 20 20 20 20 20 20 20 20 20 19.7399997711182 19.7399997711182 19.8099994659424 22.4099998474121 28.8400001525879 29.8199996948242 28.6599998474121 27.6599998474121 25.7600002288818 23.1100006103516 19.7900009155273 20 19.9200000762939 20.6399993896484 21.3600006103516 23.5100002288818 22.9300003051758 22.3999996185303 22.2399997711182 23.5300006866455 24.2999992370605 23.8999996185303 22.4300003051758 22.5 22.5 22.5 22.5 22.5 22.5 22.7000007629395 24.7199993133545 25
23.8899993896484 23.1700000762939 22.4099998474121 22.6499996185303 23.7700004577637 24.4699993133545 21.5300006866455 21.3099994659424 21.7099990844727 21.5100002288818 20.6000003814697 19.8899993896484 20 20 20 20 20 20 20 20 20 19.6299991607666 19.5100002288818 19.6599998474121 23.0599994659424 24.25 23.1700000762939 21.6800003051758 18.8199996948242 18.75 19.8899993896484 20.0799999237061 20.8199996948242 21.2000007629395 24.5900001525879 25.8600006103516 25.0699996948242 23.3099994659424 23.2399997711182 25.0300006866455 25.9200000762939 25.6700000762939 24.2999992370605 22.9899997711182 22.3600006103516 22.5 22.5 22.5 22.3299999237061 22.7299995422363 24.2299995422363 25.0200004577637
24.0100002288818 23.1000003814697 22.7700004577637 25.0400009155273 26.1000003814697 26.7600002288818 26.4200000762939 23.6100006103516 23.3099994659424 21.9400005340576 21.2199993133545 20 20 20 20 20 20 20 20 20 20 20 20 19.7299995422363 19.9799995422363 20.3799991607666 20.3099994659424 19.6299991607666 19.3500003814697 19.6800003051758 20.0100002288818 20.8299999237061 21.4699993133545 22.4300003051758 25.7299995422363 26.4899997711182 26.2600002288818 26.1000003814697 26.7900009155273 27.25 27.6299991607666 27.3600006103516 25.5100002288818 24.0300006866455 23 22.6800003051758 22.5699996948242 22.6299991607666 22.6499996185303 23.3799991607666 24.3299999237061 25
24.3199996948242 24.1700000762939 24.4799995422363 26.2299995422363 27.0699996948242 26.8600006103516 26.8500003814697 26.4200000762939 25.9799995422363 24.8999996185303 21.4300003051758 20.7800006866455 19.8500003814697 20 20 20 20 20 20 20 20 20 20 19.7700004577637 19.6599998474121 20 19.8400001525879 19.8400001525879 19.7399997711182 19.9300003051758 20.7399997711182 21.4799995422363 22.4599990844727 25 27.0300006866455 28.1299991607666 27.9500007629395 28.8400001525879 28.9099998474121 27.9300003051758 27.9500007629395 27.5799999237061 27.0799999237061 23.4699993133545 22.7099990844727 22.6900005340576 22.8700008392334 23.2299995422363 23.7800006866455 24.4699993133545 24.7700004577637 24.9300003051758
25 24.75 26.2099990844727 27.5300006866455 28.2099990844727 28.1100006103516 27.9099998474121 27.7299995422363 27.5 27.2900009155273 23.9899997711182 21.7600002288818 20.0300006866455 20 20 20 20 20 20 20 20 20 20 20 19.8600006103516 19.8099994659424 20.1800003051758 20.4099998474121 20.5900001525879 21.1299991607666 21.5599994659424 22.4899997711182 23.8199996948242 26.7900009155273 28.8500003814697 30.1499996185303 30.6200008392334 30.4400005340576 29.8799991607666 28.4099998474121 26.9799995422363 25.8099994659424 24.5599994659424 22.9599990844727 22.4099998474121 22.8199996948242 23.1499996185303 23.7800006866455 24.4200000762939 25.0100002288818 25 25
24.1800003051758 26.7299995422363 28.0599994659424 29.4799995422363 29.5699996948242 29.9899997711182 29.7099990844727 29.6100006103516 28.6800003051758 27.6800003051758 25.5799999237061 21.8299999237061 20.3299999237061 20 20 20 20.1499996185303 20.1700000762939 20.2000007629395 20.2099990844727 20.2099990844727 20.2299995422363 20.2600002288818 20.3400001525879 20.5 20.9799995422363 21.5400009155273 21.9300003051758 22.6299991607666 22.6800003051758 22.7199993133545 24.2700004577637 25.8199996948242 27.7399997711182 31.2199993133545 31.6700000762939 31.3299999237061 30.3500003814697 30.25 26.8899993896484 23.4099998474121 22.2600002288818 21.8299999237061 22.5 22.5 22.6800003051758 23.5900001525879 23.9899997711182 24.5799999237061 25.0300006866455 25 25
24.1700000762939 25.0699996948242 28.7900009155273 30.8799991607666 31.7000007629395 31.5699996948242 31.5799999237061 31.3799991607666 29.7600002288818 28.0799999237061 26.0599994659424 23.0499992370605 20.6299991607666 20 20 20 20.1700000762939 20.2700004577637 20.3400001525879 20.4500007629395 20.5799999237061 20.7900009155273 21.1100006103516 21.5699996948242 21.9500007629395 23.5900001525879 24.8400001525879 26.5100002288818 25.3299999237061 24.25 24.0799999237061 25.2399997711182 26.7199993133545 30.3799991607666 34.9799995422363 36.9700012207031 33.9500007629395 29.3799991607666 26.9699993133545 23.5900001525879 21.7800006866455 21.7600002288818 22.25 22.5 22.4300003051758 22.9699993133545 23.6800003051758 24.2399997711182 24.6800003051758 25.0200004577637 25 25
25 23.9599990844727 24.1599998474121 30.5200004577637 34.8800010681152 34.9000015258789 34.4300003051758 33.8400001525879 32.6199989318848 29.0499992370605 26.2000007629395 24.5 20.8500003814697 19.8899993896484 20 20 20.2099990844727 20.3299999237061 20.4599990844727 20.6700000762939 20.9300003051758 21.2900009155273 21.3999996185303 22.0599994659424 25.2000007629395 28.25 28.7600002288818 28.4699993133545 27.6000003814697 26.6900005340576 25.9099998474121 27.5900001525879 29.9799995422363 33.4300003051758 38.1199989318848 38.060001373291 32.0499992370605 25.2999992370605 23.5599994659424 22.0400009155273 22.5 22.5 22.5 22.5 22.4400005340576 23.1900005340576 23.9099998474121 24.4200000762939 24.7800006866455 24.9200000762939 25 25
