2020_iah-belgium_abitm/a-brief-introduction-to-modelmuse_data-based-modelling/data/land-surface.asc
NCOLS 350 
NROWS 276 
XLLCORNER 193000 
YLLCORNER 178300 
CELLSIZE 100 
NODATA_value -9999 
[rows 46 to 68 of 276, columns 260 to 311 of 350]
66.0699996948242 65.9199981689453 65.9700012207031 65.8399963378906 65.6699981689453 65.4800033569336 65.2900009155273 65.25 65.4599990844727 65.8199996948242 66.1999969482422 66.4400024414062 66.5100021362305 66.4499969482422 66.120002746582 65.8499984741211 65.9899978637695 66.0899963378906 66.0599975585938 65.879997253418 65.4899978637695 65 64.3399963378906 63.0200004577637 63.1300010681152 62.75 63.5400009155273 65.1100006103516 65.1399993896484 65.4499969482422 65.3300018310547 65.1500015258789 65.4499969482422 66.1999969482422 67.0100021362305 68.1399993896484 66.3000030517578 66.0500030517578 65.8899993896484 65.8899993896484 65.9400024414062 66.8399963378906 67.1699981689453 67.5 67.9300003051758 68.0800018310547 68 67.5599975585938 66.9700012207031 65.9800033569336 66.879997253418 67.9000015258789
66.3899993896484 66.3300018310547 66.2699966430664 66.0999984741211 65.9800033569336 65.8899993896484 65.6800003051758 65.6500015258789 65.75 65.9700012207031 66.4199981689453 66.8099975585938 66.9100036621094 66.8899993896484 66.6800003051758 66.1699981689453 66.0500030517578 66.0500030517578 66.0500030517578 66.0599975585938 65.7600021362305 64.8000030517578 64.3600006103516 64.1600036621094 63.6599998474121 62.9900016784668 63.3899993896484 64.8199996948242 65.4700012207031 65.7300033569336 65.8899993896484 65.75 66.0299987792969 66.8899993896484 67.6900024414062 66.6399993896484 66.6800003051758 66.620002746582 66.5800018310547 66.4599990844727 66.3499984741211 66.7200012207031 67.0299987792969 67.3099975585938 67.8499984741211 68 68.0899963378906 67.7799987792969 67.2900009155273 66.5899963378906 66.8000030517578 67.6699981689453
66.8000030517578 66.9800033569336 66.7300033569336 66.5500030517578 66.3000030517578 66.0400009155273 65.9199981689453 65.9100036621094 65.8600006103516 66.0500030517578 66.6900024414062 67.0699996948242 67 67 66.9899978637695 66.5500030517578 66.25 66.1100006103516 66.0400009155273 66 65.8399963378906 65.3300018310547 65.2900009155273 65.25 64.1500015258789 63.0299987792969 63.7099990844727 65.4499969482422 65.7300033569336 66.0800018310547 66.1900024414062 66.3099975585938 66.5500030517578 67.120002746582 68.1699981689453 67.0100021362305 67.0199966430664 67 67.0899963378906 67.0100021362305 66.8399963378906 66.9100036621094 66.9499969482422 67.0400009155273 67.7300033569336 68 68 67.9300003051758 67.4100036621094 66.9400024414062 66.9000015258789 67.6900024414062
66.9899978637695 67.0299987792969 66.9700012207031 66.9400024414062 66.7900009155273 66.1800003051758 66.1399993896484 66.2600021362305 66.3099975585938 66.5 66.9199981689453 67 67 67 66.9700012207031 66.7099990844727 66.4199981689453 66.2099990844727 66.0400009155273 65.9499969482422 65.9499969482422 65.8600006103516 65.6399993896484 65.2399978637695 64.3300018310547 63.0499992370605 65.5199966430664 65.8000030517578 65.870002746582 66.1500015258789 66.5699996948242 66.870002746582 67.0800018310547 67.4899978637695 67.7799987792969 67.3199996948242 67.1999969482422 67.2200012207031 67.1800003051758 67.1399993896484 67.0800018310547 67.0599975585938 67.0800018310547 67.2600021362305 67.8000030517578 68 68 68.0299987792969 67.7200012207031 67.120002746582 66.9199981689453 67.9800033569336
67 67 67 67 67 67.0500030517578 66.9899978637695 66.879997253418 67.0199966430664 66.9300003051758 66.9800033569336 67 67 67 66.9800033569336 66.7799987792969 66.6999969482422 66.5 66.2200012207031 66.0699996948242 66.0400009155273 66.0400009155273 66.1399993896484 65.6900024414062 64.0800018310547 64.379997253418 66.3399963378906 66 65.9300003051758 66.379997253418 66.9599990844727 67.1600036621094 67.2799987792969 67.5100021362305 67.6399993896484 67.629997253418 67.4300003051758 67.4499969482422 67.379997253418 67.3499984741211 67.2900009155273 67.3300018310547 67.4199981689453 67.6399993896484 67.9499969482422 68.0800018310547 68.120002746582 68.0999984741211 68.120002746582 67.6900024414062 67.5599975585938 68.1600036621094
67 67 67 67 67 67 67 67 67 67 67 67.0199966430664 67.0100021362305 66.9899978637695 66.9899978637695 66.879997253418 66.8099975585938 66.7300033569336 66.6100006103516 66.4499969482422 66.3000030517578 66.3600006103516 66.4800033569336 65.1500015258789 64.2399978637695 65.1600036621094 66.0699996948242 66 66.0999984741211 66.6999969482422 67.120002746582 67.129997253418 67.3600006103516 67.5299987792969 67.6699981689453 67.8499984741211 67.75 67.6600036621094 67.5899963378906 67.5500030517578 67.3399963378906 67.5899963378906 67.7099990844727 67.870002746582 68.1600036621094 68.2399978637695 68.3199996948242 68.3000030517578 68.2300033569336 68.0999984741211 67.9199981689453 68.1699981689453
67 67 67 67 67 67 67.0100021362305 67 67 67 67 67.0699996948242 67.0500030517578 67.0100021362305 66.9899978637695 66.9800033569336 66.9499969482422 66.9499969482422 66.9899978637695 66.7900009155273 66.5699996948242 66.5199966430664 66.3899993896484 65.5199966430664 64.7699966430664 64.9100036621094 65.6500015258789 66.3000030517578 66.3300018310547 66.8199996948242 67 67.1600036621094 67.3899993896484 67.5400009155273 67.7399978637695 67.9700012207031 67.9499969482422 67.8600006103516 67.7900009155273 67.7099990844727 67.5400009155273 67.8199996948242 67.8399963378906 68.0599975585938 68.3099975585938 68.4899978637695 68.5899963378906 68.5800018310547 68.5 68.3199996948242 68.0400009155273 68.0100021362305
67 67 67 67 67 67 67.0299987792969 67.0699996948242 67.1399993896484 67.1999969482422 67.1800003051758 67.1900024414062 67.1699981689453 67.0800018310547 67.0599975585938 67.0800018310547 67.0400009155273 67.0400009155273 67.0599975585938 66.9400024414062 66.8600006103516 66.5599975585938 66.2799987792969 65.6100006103516 64.9400024414062 65.0500030517578 64.8300018310547 66.0899963378906 66.5899963378906 66.7799987792969 67 67.120002746582 67.3399963378906 67.5699996948242 67.8399963378906 68 68.0299987792969 67.9899978637695 68 68 67.7799987792969 67.9400024414062 68.120002746582 68.3300018310547 68.5800018310547 68.8000030517578 68.8899993896484 68.879997253418 68.8099975585938 68.7200012207031 68.620002746582 68.5899963378906
67 67 67 67 67 67 67.0500030517578 67.129997253418 67.2200012207031 67.3099975585938 67.3099975585938 67.3899993896484 67.3600006103516 67.3300018310547 67.3000030517578 67.2799987792969 67.25 67.1600036621094 67.129997253418 67.0800018310547 67.0599975585938 66.7200012207031 66.1999969482422 65.8399963378906 66.1100006103516 65.9300003051758 65.5899963378906 65.9000015258789 66.3499984741211 66.8300018310547 67 67.0699996948242 67.3099975585938 67.5800018310547 67.8300018310547 68.0100021362305 68.0500030517578 68.0199966430664 68.0100021362305 68.1999969482422 68.8300018310547 68.7200012207031 68.5800018310547 68.6699981689453 68.870002746582 69.0699996948242 69.0899963378906 69.120002746582 69.0999984741211 69.0899963378906 69.0199966430664 69
66.8600006103516 66.870002746582 66.9199981689453 66.9400024414062 67 67 67.0999984741211 67.2099990844727 67.3199996948242 67.4300003051758 67.5299987792969 67.5800018310547 67.5999984741211 67.5999984741211 67.5800018310547 67.5199966430664 67.5100021362305 67.4100036621094 67.3199996948242 67.2399978637695 67.0899963378906 66.9400024414062 66.7699966430664 67.0500030517578 66.5899963378906 66.1800003051758 65.9400024414062 65.9800033569336 66.4199981689453 66.9000015258789 67 67.0699996948242 67.370002746582 67.6399993896484 67.870002746582 68.0299987792969 68.1999969482422 68.3099975585938 68.5100021362305 68.8600006103516 69.1399993896484 69.0599975585938 68.9100036621094 68.9100036621094 69.0899963378906 69.1900024414062 69.3199996948242 69.4700012207031 69.5899963378906 69.6399993896484 69.3000030517578 68.9499969482422
66.7200012207031 66.7300033569336 66.870002746582 66.9499969482422 67 67.0599975585938 67.1900024414062 67.3000030517578 67.4499969482422 67.5500030517578 67.620002746582 67.7200012207031 67.8199996948242 67.879997253418 67.8499984741211 67.7600021362305 67.6699981689453 67.629997253418 67.5599975585938 67.5 67.379997253418 67.1699981689453 66.9700012207031 67 66.879997253418 66.2099990844727 65.9199981689453 65.8099975585938 66.5999984741211 67.0800018310547 67 67.1600036621094 67.4800033569336 67.7699966430664 67.879997253418 68.1800003051758 68.4700012207031 68.6800003051758 68.870002746582 69.0100021362305 69.0699996948242 69.1500015258789 69.2099990844727 69.1900024414062 69.2600021362305 69.4100036621094 69.5899963378906 69.7600021362305 69.9599990844727 70.1100006103516 69.9800033569336 69.2799987792969
66.4899978637695 66.6900024414062 66.7799987792969 66.9100036621094 67.0100021362305 67 67.2600021362305 67.4199981689453 67.5699996948242 67.7399978637695 67.8399963378906 67.9300003051758 67.9700012207031 68.0100021362305 67.9899978637695 67.9300003051758 67.879997253418 67.8499984741211 67.8099975585938 67.8099975585938 67.7900009155273 67.5599975585938 67.2300033569336 67.0500030517578 66.8199996948242 66.2200012207031 66 65.75 66.0699996948242 67.0500030517578 67.0699996948242 67.2699966430664 67.6500015258789 67.8499984741211 68.1699981689453 68.5199966430664 68.8199996948242 69 69.0299987792969 69 69.0899963378906 69.4300003051758 69.620002746582 69.5699996948242 69.5899963378906 69.6500015258789 69.8000030517578 69.9599990844727 70.0599975585938 70 70.0800018310547 69.629997253418
66.2600021362305 66.4199981689453 66.6800003051758 66.8499984741211 67.0100021362305 67.0699996948242 67.3199996948242 67.5299987792969 67.7399978637695 67.8499984741211 67.9499969482422 68.0199966430664 68 68 68 68 68 68 68 68 68.0400009155273 67.879997253418 67.4800033569336 67.1600036621094 66.879997253418 66.370002746582 65.8099975585938 66 65.8600006103516 66.1800003051758 66.5899963378906 67.4599990844727 67.879997253418 68.3000030517578 68.7600021362305 68.9700012207031 69.0599975585938 69 69 69 68.9800033569336 69.7600021362305 70.0199966430664 69.870002746582 69.8399963378906 69.870002746582 69.9000015258789 70.0699996948242 70.120002746582 70.129997253418 70.0899963378906 69.8099975585938
66.1600036621094 66.3000030517578 66.4899978637695 66.7399978637695 66.9499969482422 67.0500030517578 67.3499984741211 67.620002746582 67.8300018310547 67.9400024414062 68.0100021362305 68 68 68 68 68 68 68 68 68 68 67.9400024414062 67.7200012207031 67.4700012207031 67.2399978637695 67.0400009155273 66.120002746582 65.7099990844727 65.8199996948242 65.6900024414062 68.1999969482422 68.3000030517578 68.3899993896484 69 69.0699996948242 69 69.0500030517578 69.120002746582 69.1399993896484 69 68.9300003051758 69.5599975585938 70.129997253418 70.0199966430664 69.9899978637695 70 70.0899963378906 70.25 70.3300018310547 70.3399963378906 70.2300033569336 70.0500030517578
66.0400009155273 66.1500015258789 66.3199996948242 66.5299987792969 66.8399963378906 67.0199966430664 67.3000030517578 67.6999969482422 67.9499969482422 67.9700012207031 68.0699996948242 68.120002746582 68.0500030517578 68.1399993896484 68.0699996948242 68 68.0199966430664 68.1100006103516 68.1500015258789 68.0199966430664 67.9400024414062 67.9499969482422 67.870002746582 67.8000030517578 67.8099975585938 68.0599975585938 67.8600006103516 65.9899978637695 65.6900024414062 65.7399978637695 67.4400024414062 68.4400024414062 68.4499969482422 68.870002746582 68.9400024414062 69.0100021362305 69.0800018310547 69.2600021362305 69.4199981689453 69.4700012207031 69.2799987792969 69.6500015258789 70.1999969482422 70.0599975585938 70.1100006103516 70.1900024414062 70.3199996948242 70.4899978637695 70.6100006103516 70.6399993896484 70.5 70.2900009155273
65.8099975585938 65.9899978637695 66.1600036621094 66.3099975585938 66.4499969482422 66.7699966430664 67.1699981689453 67.7200012207031 68.0699996948242 68.0699996948242 68.1800003051758 68.3000030517578 68.25 68.1800003051758 68.2099990844727 68.1699981689453 68.3300018310547 68.5599975585938 68.5299987792969 68.2900009155273 68.0800018310547 67.9899978637695 68 68 68.0299987792969 67.9700012207031 66.9300003051758 66.5699996948242 66.129997253418 65.9499969482422 65.7200012207031 67.8399963378906 68.7799987792969 68.3199996948242 68.3000030517578 68.8099975585938 69.0999984741211 69.3899993896484 69.8099975585938 70.0500030517578 70.1699981689453 70.2200012207031 70.0899963378906 70.1500015258789 70.25 70.3899993896484 70.5500030517578 70.7300033569336 70.9000015258789 71 70.8600006103516 70.5400009155273
65.5899963378906 65.9400024414062 66.0400009155273 66.0800018310547 66.1100006103516 66.2300033569336 67 67.7200012207031 68.0299987792969 68.1999969482422 68.3600006103516 68.4300003051758 68.4199981689453 68.2900009155273 68.1800003051758 68.3399963378906 68.6500015258789 69.0400009155273 68.8899993896484 68.6900024414062 68.5400009155273 68.1600036621094 68.0199966430664 68 67.8099975585938 67.2600021362305 66.9400024414062 66.8499984741211 66.8099975585938 66.7799987792969 66.370002746582 66.3000030517578 67.4400024414062 67.9899978637695 68.1699981689453 68.8600006103516 69.0999984741211 69.4100036621094 69.8300018310547 70 70.2300033569336 70.120002746582 70.1999969482422 70.2900009155273 70.3499984741211 70.5800018310547 70.7099990844727 70.879997253418 71.0199966430664 71 71.0299987792969 71.0100021362305
65.5599975585938 66 66.1399993896484 66.3099975585938 66.370002746582 66.4800033569336 67.4100036621094 68.0899963378906 68.1600036621094 68.3600006103516 68.5800018310547 68.6600036621094 68.620002746582 68.4199981689453 68.2600021362305 68.4300003051758 68.5 68.9400024414062 68.8099975585938 68.6500015258789 69.0199966430664 68.1100006103516 67.7699966430664 67.879997253418 67.8300018310547 67.4800033569336 66.9000015258789 66.9700012207031 67.3199996948242 67.3899993896484 67.1999969482422 67.0800018310547 66.9100036621094 67.9400024414062 68.3300018310547 68.9599990844727 69.0199966430664 69.2900009155273 69.7799987792969 70 70 70.1800003051758 70.25 70.3300018310547 70.5199966430664 70.6999969482422 70.8199996948242 70.9400024414062 71 71 71 71
65.7900009155273 65.9899978637695 66.1500015258789 66.4700012207031 66.9800033569336 66.9899978637695 67.7699966430664 68 68.2799987792969 68.620002746582 68.8099975585938 68.9300003051758 68.8199996948242 68.4899978637695 68 68.2699966430664 67.8600006103516 67.5199966430664 67.7099990844727 67.7600021362305 67.4000015258789 66.9800033569336 66.9899978637695 67.8499984741211 68.0199966430664 68.2099990844727 68.2099990844727 67.9800033569336 67.9599990844727 68.129997253418 67.9700012207031 67.7699966430664 67.6500015258789 67.9000015258789 68.0699996948242 68.6500015258789 68.9400024414062 69.4100036621094 69.8600006103516 70 70 70.1999969482422 70.3499984741211 70.4800033569336 70.629997253418 70.8000030517578 70.8899993896484 70.9599990844727 71 71 70.9899978637695 71.0999984741211
65.9499969482422 66.0999984741211 66.2399978637695 66.2300033569336 66.9400024414062 67.3199996948242 67.9800033569336 68 68.3199996948242 68.8300018310547 68.9899978637695 69.0400009155273 68.7699966430664 68.3499984741211 67.9899978637695 67.1800003051758 66.5400009155273 66.4499969482422 66.5100021362305 66.8000030517578 66.8300018310547 66.9700012207031 67.5899963378906 68.2200012207031 68.1800003051758 68.3300018310547 68.6399993896484 68.6500015258789 68.5299987792969 68.4700012207031 68.4000015258789 68.2799987792969 68.0999984741211 67.9700012207031 67.9400024414062 68.4899978637695 69.370002746582 70.0199966430664 70.0699996948242 70 70 70.2399978637695 70.3899993896484 70.620002746582 70.7099990844727 70.8600006103516 70.9300003051758 70.8899993896484 71.0100021362305 71.0999984741211 71.1900024414062 71.3499984741211
65.5199966430664 65.0699996948242 65.4499969482422 65.6600036621094 66.2900009155273 67.3399963378906 67.9899978637695 67.9400024414062 67.9599990844727 68.7300033569336 69.0999984741211 68.8600006103516 68.4100036621094 67.6900024414062 67.3000030517578 66.2300033569336 65.5899963378906 65.5800018310547 65.9100036621094 65.9100036621094 66.4700012207031 67.4199981689453 67.9599990844727 68.1699981689453 68.3899993896484 68.5999984741211 68.8499984741211 69.0599975585938 68.9899978637695 68.9300003051758 68.879997253418 68.8199996948242 68.6800003051758 68.4100036621094 68.0299987792969 68.3199996948242 69.4100036621094 70.3099975585938 70 70 70 70.25 70.4400024414062 70.6399993896484 70.8000030517578 70.9300003051758 70.9300003051758 71.0199966430664 71.1600036621094 71.2900009155273 71.4599990844727 71.6500015258789
64.9100036621094 63.9599990844727 63.8899993896484 64.870002746582 66.1800003051758 66.8600006103516 67.1500015258789 66.8199996948242 67.2699966430664 67.7099990844727 68.4100036621094 68.4000015258789 67.7699966430664 66.2300033569336 65.5299987792969 65.0100021362305 64.9400024414062 66.2699966430664 66.4499969482422 66.5 67.2600021362305 67.879997253418 68.1800003051758 68.3300018310547 68.6100006103516 68.8300018310547 68.9899978637695 69.0800018310547 69.1399993896484 69.1800003051758 69.2200012207031 69.2600021362305 69.2699966430664 69 68.5800018310547 68.6699981689453 68.7699966430664 68.8499984741211 70.0699996948242 70.1900024414062 70.1699981689453 70.1699981689453 70.4100036621094 70.6800003051758 70.9000015258789 71 71.0899963378906 71.1500015258789 71.3099975585938 71.5199966430664 71.7099990844727 71.9000015258789
62.9300003051758 62.6100006103516 63.4000015258789 65.3300018310547 65.6399993896484 65.9800033569336 66.2699966430664 66.4100036621094 66.6600036621094 67.1399993896484 67.4499969482422 66.8199996948242 66.4199981689453 64.870002746582 65.5400009155273 66.6600036621094 66.7799987792969 67.0999984741211 66.9599990844727 67 68.0699996948242 68.2300033569336 68.370002746582 68.5599975585938 68.75 68.9800033569336 69.0299987792969 69.1600036621094 69.3099975585938 69.4499969482422 69.5999984741211 69.7600021362305 69.9599990844727 69.4899978637695 68.7900009155273 68.9000015258789 68.9499969482422 68.9100036621094 69.5899963378906 69.9199981689453 70 70.1100006103516 70.3600006103516 70.6900024414062 71 71 71.0999984741211 71.2600021362305 71.4800033569336 71.7399978637695 71.9000015258789 72.0699996948242
