2020_iah-belgium_abitm/a-brief-introduction-to-modelmuse_data-based-modelling/data/quaternary-bottom.asc
NCOLS 350 
NROWS 276 
XLLCORNER 193000 
YLLCORNER 178300 
CELLSIZE 100 
NODATA_value -9999 
[rows 161 to 183 of 276, columns 153 to 203 of 350]
24.4099998474121 24.5900001525879 24.7099990844727 24.8500003814697 25.25 25.8899993896484 25.9500007629395 26.4200000762939 28.9500007629395 31.2299995422363 31.8999996185303 33.5099983215332 35.5400009155273 38.6699981689453 41.1599998474121 42.7700004577637 42.9700012207031 42.0400009155273 38.8499984741211 36.9000015258789 34.7000007629395 32.5299987792969 28.9799995422363 29.6399993896484 28.7700004577637 27.3600006103516 26.9099998474121 27 27 27 27 27 27 27 27.25 27.3899993896484 27.2099990844727 27.2900009155273 28.5100002288818 28.8700008392334 27.7199993133545 27.0499992370605 27 27 27.2999992370605 28.6800003051758 30.7199993133545 34.3600006103516 38.8199996948242 41.9700012207031 41.8400001525879
24.3700008392334 24.6000003814697 24.8799991607666 25.3500003814697 26.0499992370605 26.8199996948242 27.6399993896484 29.3500003814697 31.8999996185303 33.1699981689453 35.0499992370605 37.6399993896484 40.5699996948242 43.0699996948242 45.189998626709 46.2599983215332 45.3199996948242 43.560001373291 41.75 39.1800003051758 34.6300010681152 31.2299995422363 28.3600006103516 29.2399997711182 28.0799999237061 26.5200004577637 27 27 26.6499996185303 26.7399997711182 26.8600006103516 26.9300003051758 27 26.8700008392334 27.3600006103516 27.7999992370605 28.1200008392334 28.7999992370605 29 28.8899993896484 27.4400005340576 26.8400001525879 27 27 27.2999992370605 29.0400009155273 31.0300006866455 32.4799995422363 34.5499992370605 36.0200004577637 36.7599983215332
24.5200004577637 24.8199996948242 25.3899993896484 26.1599998474121 26.7399997711182 27.9099998474121 30.8099994659424 32.6800003051758 34.7900009155273 36.75 39.5200004577637 42.2999992370605 43.9799995422363 46.1599998474121 46.9799995422363 46.5 46.1300010681152 44.0999984741211 40.7700004577637 37.6199989318848 33.5 29.5900001525879 28.6000003814697 28.6900005340576 26.7600002288818 26.2199993133545 26.3099994659424 26.3299999237061 26.3400001525879 26.2199993133545 26.5400009155273 26.9500007629395 27.4599990844727 28.2099990844727 28.9599990844727 29 29 29 28.7800006866455 27.7000007629395 26.8500003814697 27 27 26.9599990844727 27.3199996948242 29.1499996185303 31.3799991607666 31.7599983215332 32.2700004577637 33.0400009155273 32.9300003051758
24.6000003814697 25.1800003051758 26.2199993133545 27.25 27.8700008392334 29.9500007629395 32.5699996948242 35.4099998474121 37.9300003051758 40.689998626709 43.6300010681152 45.560001373291 46.9300003051758 46.9900016784668 46.7299995422363 47.1699981689453 45.1500015258789 41.7700004577637 38.8400001525879 34.060001373291 31.4200000762939 28.1800003051758 28.9099998474121 28.3700008392334 25.7700004577637 25.7299995422363 25.8799991607666 25.9799995422363 25.9500007629395 27.7199993133545 28.3999996185303 28.6900005340576 28.9400005340576 29.0300006866455 29 29 29 28.4500007629395 27.3799991607666 26.8400001525879 27 27 27 27 27.3199996948242 28.75 30.4200000762939 31 30.8400001525879 31.4899997711182 31.1800003051758
24.7299995422363 25.5300006866455 26.8999996185303 28.1499996185303 29.8299999237061 31.9599990844727 34.9900016784668 38.9500007629395 41.7999992370605 44.3899993896484 46.4099998474121 48.810001373291 48 46.9000015258789 47 44.8899993896484 41.6399993896484 38.1399993896484 34.3800010681152 32.0400009155273 28.9899997711182 28.0900001525879 28.4799995422363 27.1299991607666 24.9500007629395 25.1499996185303 25.4200000762939 25.2999992370605 27.7299995422363 27.9300003051758 28.0900001525879 28.4500007629395 28.6100006103516 28.7399997711182 28.7800006866455 28.6900005340576 27.7399997711182 26.6800003051758 26.4400005340576 27 27 27 27 27 27.5599994659424 28.3199996948242 29.5499992370605 30.1700000762939 30.4699993133545 30.5699996948242 30.6900005340576
24.8099994659424 26.0100002288818 27.5100002288818 29.4400005340576 31.8400001525879 35.2299995422363 40.0400009155273 43.0900001525879 44.2999992370605 46.7700004577637 49.25 48.9199981689453 47.8600006103516 47.4099998474121 44.8699989318848 41.6300010681152 38.189998626709 34.9199981689453 32.5200004577637 29.9099998474121 27.3799991607666 28.6200008392334 27.6100006103516 25.2199993133545 24.3799991607666 24.6700000762939 24.9300003051758 27.2399997711182 27.3899993896484 27.5900001525879 27.7800006866455 28.0400009155273 28.1700000762939 28.3299999237061 28.5 27.7199993133545 26.3299999237061 26.5300006866455 26.6100006103516 27 27 27 27 27 27.5799999237061 28.0300006866455 28.6599998474121 29.5599994659424 29.6499996185303 29.7000007629395 29.8099994659424
25.2099990844727 26.5699996948242 27.6000003814697 30.9099998474121 34.7099990844727 39.75 42.3400001525879 42.439998626709 42.7700004577637 43.5200004577637 44.5699996948242 45.3600006103516 46.1399993896484 44.4599990844727 42.4500007629395 39.1500015258789 35.439998626709 32.8199996948242 31.0099983215332 27.4599990844727 28.3099994659424 27.8199996948242 26.7800006866455 24.4400005340576 24.5 24.4599990844727 24.6499996185303 26.8600006103516 26.9899997711182 27.1499996185303 27.3299999237061 27.5100002288818 27.7199993133545 27.9400005340576 27.8700008392334 26.4599990844727 26.5300006866455 26.5200004577637 27 27 27 27 27 27 27.3999996185303 27.7199993133545 28.1000003814697 28.7700004577637 28.9099998474121 29.0400009155273 29.1499996185303
25.5599994659424 26.5699996948242 28.1599998474121 33.3499984741211 39.2200012207031 38.9000015258789 39.4599990844727 39.4300003051758 39.6199989318848 40.1100006103516 40.6599998474121 40.8400001525879 41.4900016784668 41.4700012207031 40.0200004577637 36.189998626709 34.1300010681152 31.0200004577637 27.5300006866455 27.2399997711182 27.9599990844727 27.1000003814697 25.8099994659424 24.4599990844727 24.5 24.5 24.3600006103516 26.4599990844727 26.8199996948242 26.8700008392334 26.9599990844727 27.0799999237061 27.2700004577637 26.8199996948242 26.0799999237061 25.9200000762939 26.3999996185303 26.5 27 27 27 27 27 27 27.2099990844727 27.0799999237061 27.3500003814697 28.0499992370605 28.3299999237061 28.6299991607666 29.0499992370605
25.7999992370605 26.9799995422363 29 31.7700004577637 33.5900001525879 34.9599990844727 35.6800003051758 36.6399993896484 37.2099990844727 37.3499984741211 37.4700012207031 37.4199981689453 37.2900009155273 37.439998626709 35.060001373291 33.1699981689453 31.2700004577637 28.7800006866455 28.0300006866455 28.1700000762939 27.25 26.3199996948242 24.8799991607666 24.5 24.5 24.5 24.1299991607666 25.4099998474121 26.6800003051758 26.6499996185303 26.6399993896484 26.6700000762939 25.3999996185303 25.0799999237061 25.6900005340576 26.0200004577637 26.2800006866455 27 27 27 27 27 27 27 27 26.9599990844727 27.1000003814697 27.6299991607666 27.9599990844727 28.4699993133545 29.0100002288818
26.0900001525879 27.4599990844727 28.5499992370605 30.3400001525879 31.0400009155273 32.8400001525879 33.8400001525879 34.9599990844727 35.4500007629395 35.4599990844727 35.1500015258789 34.8800010681152 34.3800010681152 33.1100006103516 30.3999996185303 28.8899993896484 27.4799995422363 28.4799995422363 28.0599994659424 27.2299995422363 26.6200008392334 25.1000003814697 24.2399997711182 24.1499996185303 24.5 24.2099990844727 24.0300006866455 24.3799991607666 25.2900009155273 25.6000003814697 24.8799991607666 24.0200004577637 24.6200008392334 25.1299991607666 25.6200008392334 25.9099998474121 26.0599994659424 26.3199996948242 26.6800003051758 26.7900009155273 26.8500003814697 27 27 27 27 27 27.1399993896484 27.5400009155273 28.0599994659424 28.5499992370605 28.5
26.5 27.6499996185303 28.5200004577637 29.6900005340576 31.0400009155273 32.1399993896484 33.4099998474121 34.1599998474121 34.4900016784668 33.7099990844727 33.0999984741211 32.0999984741211 30.3400001525879 28.6299991607666 27.1800003051758 27.0699996948242 28.3899993896484 27.4300003051758 26.3999996185303 26.4400005340576 25.5599994659424 24.2099990844727 24.1599998474121 23.9799995422363 23.8199996948242 23.4400005340576 23.6299991607666 24.5 24.2099990844727 24.1900005340576 24.2199993133545 24.5 24.5200004577637 25.25 25.7999992370605 26.1299991607666 26.2299995422363 26.4400005340576 26.5900001525879 26.7299995422363 26.7999992370605 26.8799991607666 26.9699993133545 26.8799991607666 27.0100002288818 27 27.2199993133545 27.8500003814697 28.3099994659424 28.3199996948242 28.5100002288818
27.2299995422363 28.0100002288818 28.25 29.7000007629395 31.3199996948242 31.939998626709 32.810001373291 33.7099990844727 33.6399993896484 32.0299987792969 29.9599990844727 28.0699996948242 27.4099998474121 27.6399993896484 28.2199993133545 27.7600002288818 27.2199993133545 26.6000003814697 26.5 26.2000007629395 24.7000007629395 24.5 23.9599990844727 23.5599994659424 23.3799991607666 23.25 26.5799999237061 24.0400009155273 23.9699993133545 24.5 24.3600006103516 24.5100002288818 25.2199993133545 25.8400001525879 26.1599998474121 26.3799991607666 26.4699993133545 26.6100006103516 26.7000007629395 26.8099994659424 26.9099998474121 26.8799991607666 27.1800003051758 27.4599990844727 27.6399993896484 27.6499996185303 27.8600006103516 28.1700000762939 28.5400009155273 28.1200008392334 28.6700000762939
28.0300006866455 28.1000003814697 29.0100002288818 30.6499996185303 31.5799999237061 31.7199993133545 31.9599990844727 32.0999984741211 31.0100002288818 29.0100002288818 27.4500007629395 26.6800003051758 28.0400009155273 27.6800003051758 27.1800003051758 26.7199993133545 26.4099998474121 26.5 26.5 25.4699993133545 24.3500003814697 24.0100002288818 23.3199996948242 23.3299999237061 23.6700000762939 23.0699996948242 27.0300006866455 25.0499992370605 23.7900009155273 24.3600006103516 24.8099994659424 25.7399997711182 26.1100006103516 26.3999996185303 26.7000007629395 26.7800006866455 26.7900009155273 26.8500003814697 26.3600006103516 26.5599994659424 26.9699993133545 27.7700004577637 28.1700000762939 28.4699993133545 28.6100006103516 28.4500007629395 28.3899993896484 28.2299995422363 27.8199996948242 29.2800006866455 30.7199993133545
29.0900001525879 29.5400009155273 30.9899997711182 31.7199993133545 31.5599994659424 31.6699981689453 31.2299995422363 29.5699996948242 27.8899993896484 26.5799999237061 26.8099994659424 27.6100006103516 27.1100006103516 26.6299991607666 26.3700008392334 26.5 26.5 26.5 26 24.3199996948242 24.0400009155273 23.8500003814697 24.5 23.4799995422363 23.3999996185303 22.9400005340576 24.8600006103516 24.7099990844727 23.8799991607666 24.6499996185303 26.75 27.75 27.8199996948242 28.0799999237061 27.6200008392334 26.9400005340576 27 27.0599994659424 27.5300006866455 27.5900001525879 28.1599998474121 28.8199996948242 29.1499996185303 29.5200004577637 29.5799999237061 29.1200008392334 29.0599994659424 28.5900001525879 29.5499992370605 30.9500007629395 31.2199993133545
30.8799991607666 32.0800018310547 32.4500007629395 32.2000007629395 31.7799987792969 31.2099990844727 29.2099990844727 27.2199993133545 26.5100002288818 26.3600006103516 26.6000003814697 26.8099994659424 26.3500003814697 26.4799995422363 26.1399993896484 25.5200004577637 25.9500007629395 26.0100002288818 24.6100006103516 23.7199993133545 23.5300006866455 23.1599998474121 23.7299995422363 22.9599990844727 23.7199993133545 26.6000003814697 27.7299995422363 27.1100006103516 26.2000007629395 26.3999996185303 27.2900009155273 30.0200004577637 31.3700008392334 30.7099990844727 30.1700000762939 30.3299999237061 30.8799991607666 31.5 31.8699989318848 31.7400016784668 31.5 31.5 31.5 31.3899993896484 30.5 29.0799999237061 28.7099990844727 29.3700008392334 30.3199996948242 30.7700004577637 31.2999992370605
34.5499992370605 34.5999984741211 34.060001373291 33.0400009155273 31.9000015258789 30.3299999237061 27.5900001525879 26.8600006103516 27 26.2999992370605 25.9799995422363 25.4799995422363 25.2700004577637 24.9300003051758 24.4500007629395 24.5799999237061 24.9599990844727 24.9400005340576 23.8500003814697 23.7299995422363 23.6000003814697 23.5300006866455 23.9799995422363 24.0599994659424 23.6200008392334 25.7099990844727 27.5599994659424 27.9699993133545 30.7299995422363 28.5900001525879 28.3500003814697 28.7399997711182 33.0999984741211 33.3899993896484 32.8600006103516 31.560001373291 31.5499992370605 31.4700012207031 31.5 31.5 31.7700004577637 31.7200012207031 31.5400009155273 31.2000007629395 29.9599990844727 28.3400001525879 28.3500003814697 29.6000003814697 30.4899997711182 29.3299999237061 27.8400001525879
37.5400009155273 36.9900016784668 36.1599998474121 33.4799995422363 31.6100006103516 29.4200000762939 27.8799991607666 27.0300006866455 26.6700000762939 26.2900009155273 25.5699996948242 24.7900009155273 24.5 24.5 24.5 24.4799995422363 24.1800003051758 24.4500007629395 23.75 23.2399997711182 23.75 25.5200004577637 27.1599998474121 27.5400009155273 27.4799995422363 27.5799999237061 29.6900005340576 32.9900016784668 34.25 31.3400001525879 29.0100002288818 30.4300003051758 33.2799987792969 33.9700012207031 34.1399993896484 32.7400016784668 31.8400001525879 31.7999992370605 31.8199996948242 31.7299995422363 30.9599990844727 29.4200000762939 28.25 28.3199996948242 28 27.7800006866455 26.75 24.8400001525879 24.4300003051758 24.4599990844727 24.9500007629395
39.8499984741211 38.5299987792969 36.4700012207031 33.4000015258789 30.9699993133545 29.7000007629395 28.1499996185303 27.8199996948242 27.1700000762939 26.6900005340576 25.7000007629395 24.7399997711182 24.5 24.5 24.5 24.2999992370605 23.8600006103516 23.4899997711182 23.3999996185303 25.6299991607666 28.9200000762939 30.3500003814697 32.189998626709 33.8199996948242 35.0099983215332 35.3800010681152 35.8600006103516 35.9099998474121 34.7000007629395 32.8400001525879 28.9099998474121 30.6800003051758 32.3300018310547 32.9799995422363 33.2200012207031 32.7000007629395 32.0200004577637 31.5 30.5900001525879 29.8700008392334 28.3500003814697 27.8500003814697 28.0100002288818 27.3099994659424 25.2399997711182 23.8199996948242 24.7199993133545 25.8899993896484 27.7000007629395 30.5900001525879 32.25
42.5699996948242 39.9099998474121 37.0999984741211 33.7599983215332 31.7599983215332 31.060001373291 30.2999992370605 28.9799995422363 28.0300006866455 27.3500003814697 25.6900005340576 24.5200004577637 24.5 24.5 24.4599990844727 24.2099990844727 24.1200008392334 26.0499992370605 29.1900005340576 30.8799991607666 32.1500015258789 34.3499984741211 34.5999984741211 35.2900009155273 39.3899993896484 39.8199996948242 38.8899993896484 34.8499984741211 34.4199981689453 33.3899993896484 29.0699996948242 30.1200008392334 31.5800018310547 31.7999992370605 31.8499984741211 31.6100006103516 30.0799999237061 29.0499992370605 28.6499996185303 29 28.0200004577637 27.0699996948242 25.0400009155273 23.6700000762939 24.5100002288818 26.1000003814697 28.3600006103516 31.6199989318848 36.1599998474121 37.189998626709 35.4700012207031
45.5 41.2200012207031 37.8699989318848 35.0999984741211 34.1699981689453 32.9500007629395 31.6699981689453 29.9899997711182 28.3899993896484 27.1599998474121 25.2700004577637 24.3099994659424 24.2600002288818 24.2800006866455 23.9300003051758 24.3999996185303 25.9300003051758 29.6299991607666 32.3499984741211 34.5999984741211 38.6800003051758 40.810001373291 42.060001373291 42.25 40.7599983215332 36.6399993896484 34.4500007629395 33.6500015258789 32.7799987792969 32.1800003051758 29.1900005340576 29.4500007629395 30.1000003814697 29.9099998474121 29.3999996185303 28.7999992370605 28.6299991607666 29 29 26.25 23.9400005340576 23.4400005340576 24.0200004577637 26.5 28.5499992370605 28.8299999237061 29.9400005340576 35.3199996948242 35.5299987792969 30.3999996185303 29.0300006866455
46.8300018310547 41.6500015258789 39.4500007629395 36.7400016784668 35.5099983215332 34.0900001525879 31.3400001525879 30.4799995422363 28.6499996185303 27.2800006866455 25.1599998474121 24.5 24.3099994659424 24.4500007629395 24.4699993133545 25.6399993896484 29.1800003051758 31.6800003051758 34.9099998474121 40.5900001525879 44.9199981689453 45.8199996948242 45.1699981689453 42.6100006103516 35.0200004577637 34.560001373291 33.4599990844727 30.8500003814697 28.9400005340576 28.0400009155273 29.7800006866455 29.0100002288818 28.0400009155273 28.2900009155273 28.3999996185303 28.1399993896484 28.5599994659424 26.0200004577637 23.8199996948242 19.8099994659424 24.0799999237061 25.5400009155273 28.1599998474121 30.2800006866455 31.2999992370605 31.7700004577637 30.5300006866455 29.6900005340576 29.3700008392334 28.3700008392334 28.6700000762939
47.3400001525879 42.6399993896484 40.7400016784668 38.2599983215332 36.1800003051758 33.5400009155273 32.310001373291 31.5800018310547 29.9699993133545 27.8899993896484 24.8899993896484 24.4300003051758 24.6299991607666 24.0799999237061 24.8199996948242 28.6299991607666 32.3300018310547 34.7999992370605 37.5499992370605 43.6399993896484 46.3800010681152 46.2200012207031 40.8499984741211 35.560001373291 34.6399993896484 32.7900009155273 30.0799999237061 27.8400001525879 28.4300003051758 30.3099994659424 29.4300003051758 27.7600002288818 27.5100002288818 27.9200000762939 27.7700004577637 26.4599990844727 25.1200008392334 21.0300006866455 19.5200004577637 25.2800006866455 27.7600002288818 28.25 29.4200000762939 32.9599990844727 33.4099998474121 33.8400001525879 30.3299999237061 28.6599998474121 28.9599990844727 29.5499992370605 29.5300006866455
46.75 42.310001373291 39.5800018310547 36.7700004577637 35.5999984741211 34.8800010681152 34.9099998474121 33.6100006103516 31.6100006103516 28.4200000762939 24.5900001525879 23.8400001525879 23.9699993133545 24.2999992370605 28.7000007629395 35.8300018310547 36.6699981689453 36.6399993896484 41.1399993896484 43.25 42.3499984741211 36.3800010681152 34.9599990844727 34.3699989318848 31.8099994659424 29.2399997711182 27.1100006103516 30.2600002288818 31.2700004577637 29.3199996948242 28.3199996948242 27.3999996185303 27.5100002288818 27.2999992370605 26.0300006866455 24 19.3899993896484 20.7999992370605 25.9699993133545 29.8899993896484 29.9099998474121 30.0499992370605 30.4899997711182 33.6300010681152 33.810001373291 32.9599990844727 31.0599994659424 30.1000003814697 31.0400009155273 32.3800010681152 34.0900001525879
