2020_iah-belgium_abitm/a-brief-introduction-to-modelmuse_data-based-modelling/data/quaternary-bottom.asc
NCOLS 350 
NROWS 276 
XLLCORNER 193000 
YLLCORNER 178300 
CELLSIZE 100 
NODATA_value -9999 
[rows 184 to 206 of 276, columns 51 to 101 of 350]
50.8300018310547 49.4300003051758 45.5200004577637 46.8699989318848 44.3899993896484 39.2099990844727 35.5800018310547 32.7900009155273 26.6700000762939 26.6100006103516 24.3500003814697 21.0900001525879 21.2999992370605 23.1399993896484 27.7199993133545 32.310001373291 35.4300003051758 39.3400001525879 41.7700004577637 43.7000007629395 46.4099998474121 46.5 46.8800010681152 47.0299987792969 46.8199996948242 46.2099990844727 44.8300018310547 40.7000007629395 35.8499984741211 31.7900009155273 29.4500007629395 27.4599990844727 25.4099998474121 23.8099994659424 22.8199996948242 22.0699996948242 21.8700008392334 21.8400001525879 22.7099990844727 24.0599994659424 25.0100002288818 26.0100002288818 28.1900005340576 29.8199996948242 31.5100002288818 32.2799987792969 33.0200004577637 33.060001373291 33.6500015258789 34.6100006103516 35.6699981689453
46.3300018310547 42.7299995422363 37.6500015258789 35.8199996948242 34.6199989318848 33.5699996948242 31.8199996948242 28.1499996185303 26.3400001525879 23.7900009155273 20.3700008392334 21.2099990844727 20.6399993896484 22.6399993896484 26.1299991607666 31.2199993133545 36.189998626709 41.6699981689453 44.4000015258789 45.7400016784668 47.1199989318848 46.9799995422363 46.8800010681152 46.7200012207031 45.8699989318848 45.439998626709 46.1699981689453 45.1100006103516 36.4799995422363 31.4099998474121 28.1800003051758 25.9099998474121 24.8099994659424 21.75 21.5 21.8700008392334 22.0400009155273 23.1000003814697 24.1100006103516 25.3199996948242 27.0100002288818 28.5900001525879 30.0799999237061 32.189998626709 33.2700004577637 34.5400009155273 34.6300010681152 33.9799995422363 33.9599990844727 34.939998626709 39.1199989318848
36.3499984741211 35.8199996948242 31.6699981689453 31.6199989318848 32.0200004577637 31.9599990844727 30.1900005340576 27.6000003814697 21.3799991607666 18.1800003051758 20.7999992370605 21.6900005340576 24.4500007629395 26.8899993896484 27.2099990844727 28.8799991607666 33.0999984741211 38.1699981689453 43.810001373291 44.5200004577637 44.6399993896484 44.2700004577637 43.4599990844727 42.3800010681152 41.4900016784668 41.5299987792969 45.0900001525879 49.7099990844727 36.4199981689453 31.4900016784668 28.6100006103516 26.1399993896484 23.4099998474121 20.1499996185303 21.0200004577637 22.3799991607666 23.25 24.9599990844727 26.4899997711182 28.5699996948242 29.8099994659424 30.6900005340576 33.0200004577637 34.0099983215332 35.8899993896484 36 35.1699981689453 33.75 32.7999992370605 32.7400016784668 33.0299987792969
26.5900001525879 27.8799991607666 29.1599998474121 29.8099994659424 30.9300003051758 30.8199996948242 27.4799995422363 19.1499996185303 15.6300001144409 24.3600006103516 24.3700008392334 25.5799999237061 27.1299991607666 30.7399997711182 28.7399997711182 28.9400005340576 29.9200000762939 33.0900001525879 35.4700012207031 37.9900016784668 39.8600006103516 37.689998626709 36.1300010681152 35.2599983215332 35.0400009155273 34.1599998474121 34.3899993896484 34.439998626709 33.9300003051758 30.3400001525879 22.8400001525879 20.5900001525879 18.4099998474121 21.0200004577637 22.9599990844727 25.0499992370605 26.1100006103516 28.5 29.0200004577637 30.0400009155273 32.5400009155273 35.3899993896484 35.7299995422363 36.4300003051758 38.3499984741211 38.2000007629395 36.3499984741211 32.9199981689453 29.4500007629395 26.4099998474121 25.6000003814697
16.2399997711182 17.9099998474121 19.1499996185303 17.4799995422363 19.0200004577637 18.7600002288818 16.0499992370605 13.039999961853 10.4399995803833 10.9300003051758 8.56999969482422 8.77000045776367 10.8999996185303 11.3299999237061 14.6400003433228 17.1399993896484 21.1200008392334 25.5300006866455 29.1499996185303 32.5099983215332 34.4300003051758 31.9000015258789 31.4199981689453 31.6199989318848 29.1599998474121 27.2700004577637 28.7999992370605 34.939998626709 27.1100006103516 26 19.6499996185303 19.3299999237061 22.9099998474121 23.8799991607666 26.0499992370605 27.3199996948242 29.1499996185303 29.9799995422363 31.5900001525879 31.8600006103516 34.1100006103516 37.8899993896484 39.189998626709 39.9300003051758 40.5900001525879 40.1199989318848 36.9300003051758 32.1599998474121 25.0799999237061 21.1700000762939 24.5799999237061
11.210000038147 12.8000001907349 13.6400003433228 13.6400003433228 12.8500003814697 12.5299997329712 10.4300003051758 7.84000015258789 7.03000020980835 5.48999977111816 4.65999984741211 5.46999979019165 6.92000007629395 8.77000045776367 9.64999961853027 10.7600002288818 13.6700000762939 18.7199993133545 22.2800006866455 25.1100006103516 26.4699993133545 28.7900009155273 27.3600006103516 25.2600002288818 21.0200004577637 20.5400009155273 20.3700008392334 19.6100006103516 17.7600002288818 17.8799991607666 16.2600002288818 19.9500007629395 22.9200000762939 24.1800003051758 26.2299995422363 29.0200004577637 32.3400001525879 34.7599983215332 34.8699989318848 36.1699981689453 37.6599998474121 41.3899993896484 42.4799995422363 44.4099998474121 45.1100006103516 43.4199981689453 36.310001373291 29.3099994659424 21.5799999237061 18.0300006866455 16.5400009155273
5.73000001907349 9.31999969482422 10.4200000762939 10.3100004196167 8.90999984741211 7.51999998092651 6.42000007629395 5.46000003814697 4.59000015258789 4.71999979019165 4.51000022888184 3.84999990463257 4.90000009536743 7.3899998664856 9.8100004196167 10.8400001525879 13.4499998092651 16.0799999237061 16.0499992370605 16.6800003051758 21 22.9899997711182 25.9200000762939 20.5499992370605 17.3500003814697 16.3299999237061 15.4399995803833 15.1099996566772 16.3199996948242 16.5100002288818 18.2600002288818 20.9400005340576 23.0100002288818 24.3999996185303 25.9799995422363 28.3799991607666 29.9899997711182 34.6599998474121 36.6300010681152 37.8300018310547 42.5299987792969 45.2900009155273 46.5400009155273 47.1399993896484 46.3800010681152 41.3800010681152 32.9000015258789 23.25 19.3500003814697 17.1100006103516 16.1599998474121
5.07999992370605 4.80999994277954 5.88000011444092 6.44000005722046 5.36999988555908 4.71999979019165 4.5 4.73000001907349 5.34999990463257 6.40000009536743 6.28999996185303 5.21000003814697 4.40999984741211 6.07000017166138 9.47000026702881 11.2700004577637 11.6899995803833 12.1000003814697 12.4200000762939 12.6000003814697 13 12.75 13.9200000762939 14.5600004196167 15.9700002670288 16.2600002288818 16.5 16.1700000762939 16.4400005340576 17.9500007629395 20.1100006103516 21.7299995422363 22.7199993133545 24.5100002288818 25.5699996948242 27.7999992370605 30.75 34.9300003051758 42.0900001525879 42.9500007629395 44.2999992370605 47.5499992370605 49.5800018310547 47.2700004577637 40.9599990844727 34.2299995422363 23.6700000762939 19.3700008392334 17.0799999237061 16.0599994659424 16.5
10.4099998474121 8.15999984741211 5.80999994277954 5.69999980926514 6.23999977111816 7.48000001907349 8.02999973297119 8.10999965667725 8.59000015258789 10.1300001144409 10.1499996185303 8.07999992370605 5.80000019073486 4.82000017166138 6.82999992370605 10.210000038147 10.7700004577637 10.3800001144409 10.1499996185303 9.39999961853027 9.18000030517578 11.2299995422363 12.5200004577637 14.1800003051758 15.5799999237061 16.4500007629395 16.3999996185303 16.3400001525879 16.5499992370605 19.0900001525879 22.0900001525879 24.0200004577637 22.1599998474121 21.6399993896484 24.75 26.5400009155273 30.9400005340576 30.7399997711182 31.2700004577637 32.4300003051758 30.1399993896484 29.9300003051758 28.6800003051758 29.0499992370605 29.3799991607666 21.4599990844727 16.8799991607666 15.710000038147 16.5 16.5 16.1900005340576
11.2799997329712 12.3800001144409 13.3900003433228 13.6400003433228 13.4700002670288 13.039999961853 11.8400001525879 10.3800001144409 10.2700004577637 10.4099998474121 10.3299999237061 10.1099996566772 7.65999984741211 5.46999979019165 4.73999977111816 4.80000019073486 6.28999996185303 9.51000022888184 9.98999977111816 10.1899995803833 10.539999961853 11.9799995422363 13.4899997711182 14.8900003433228 17.0200004577637 18.1200008392334 18.5699996948242 18.1499996185303 18.1700000762939 18.7299995422363 21.7900009155273 27.0699996948242 24.5100002288818 17.4799995422363 16.8899993896484 17.9300003051758 19.7999992370605 21.5 19.4400005340576 18.8400001525879 17.9899997711182 17.9599990844727 17.7999992370605 18.2700004577637 16.2800006866455 15 15.5699996948242 16.5 16.5 16.2299995422363 16.6900005340576
15.539999961853 20.9300003051758 22.2700004577637 23.5599994659424 18.8600006103516 13.8900003433228 11.5600004196167 10.2700004577637 10.4399995803833 10.2600002288818 10.5 10.8100004196167 8.89000034332275 6.46000003814697 4.92000007629395 5.6100001335144 8.65999984741211 10.75 10.6000003814697 11.0699996948242 11.8900003433228 12.8699998855591 14.1000003814697 16.6299991607666 18.4300003051758 20 21.0699996948242 19.6000003814697 19.2199993133545 19.0799999237061 18.6100006103516 22.4599990844727 24 15.960000038147 15.2299995422363 14.9799995422363 14.789999961853 13.9700002670288 14.5200004577637 13.960000038147 13.8599996566772 13.8800001144409 14.1999998092651 14.5 14.789999961853 15.5200004577637 15.8999996185303 16.3500003814697 16.6200008392334 17.3400001525879 18.4200000762939
22.0200004577637 30.3999996185303 40.9500007629395 39 19.0599994659424 13.8599996566772 11.1499996185303 10.3699998855591 10.4300003051758 10.5699996948242 10.6499996185303 10.2799997329712 9.73999977111816 7.36999988555908 5.07000017166138 5.82999992370605 10.1199998855591 10.4700002670288 11.1400003433228 11.9499998092651 12.8400001525879 13.0799999237061 15.5299997329712 18.5499992370605 19.5400009155273 20.8700008392334 23.5900001525879 24.1700000762939 19.3799991607666 18.3600006103516 18.2800006866455 15.0100002288818 14.7399997711182 15.0699996948242 14.8500003814697 15.2799997329712 13.8800001144409 14.1400003433228 14.0200004577637 14.6899995803833 14.5900001525879 14.6999998092651 15.3500003814697 15.5699996948242 15.789999961853 16.2199993133545 16.8199996948242 17.8600006103516 18.5300006866455 19.3500003814697 19.8899993896484
24.8899993896484 36.9500007629395 36.1300010681152 25.7399997711182 17.4799995422363 13.8999996185303 12.3000001907349 11.6099996566772 12.1999998092651 11.5699996948242 11.0299997329712 10.789999961853 10.4200000762939 8.34000015258789 5.6100001335144 4.96000003814697 9.85999965667725 10.5600004196167 11.4700002670288 12.6199998855591 13.4200000762939 14.8900003433228 17.8400001525879 19.8799991607666 23.2000007629395 23.5799999237061 24.0799999237061 23.6700000762939 22.7199993133545 20.7299995422363 17.0900001525879 14.6800003051758 13.7700004577637 14.3500003814697 14.3199996948242 14.3500003814697 13.5100002288818 14.5900001525879 15.6800003051758 15.1999998092651 15.7700004577637 15.9799995422363 16.5 16.1399993896484 16.3899993896484 17.4200000762939 18.8400001525879 19.4400005340576 19.8799991607666 19.7900009155273 20.0400009155273
24.3600006103516 24.4500007629395 23.5 18.1299991607666 16.5599994659424 14.9099998474121 14.0799999237061 13.4899997711182 13.6199998855591 12.5100002288818 11.7299995422363 11 10.3999996185303 9.25 6.44000005722046 4.80000019073486 7.75 10.9499998092651 11.3299999237061 12.539999961853 14 17.0799999237061 19.1100006103516 21.1200008392334 25.1499996185303 27.6100006103516 26.5100002288818 25.4099998474121 24.2399997711182 25.0499992370605 19.4300003051758 15.6400003433228 13.2399997711182 14 13.9700002670288 13.3800001144409 13.6999998092651 14.9799995422363 15.7299995422363 16.0400009155273 16.5200004577637 16.5400009155273 16.4300003051758 16.5 16.6900005340576 18.2000007629395 19.7000007629395 19.5 19.7399997711182 20.0799999237061 19.9599990844727
22.1900005340576 21.5799999237061 17.8999996185303 16.4099998474121 16.3799991607666 15.6000003814697 14.4700002670288 14.710000038147 15.2299995422363 13.4200000762939 12.3400001525879 11.5500001907349 10.7700004577637 10.0299997329712 7.21999979019165 4.90999984741211 6.26000022888184 10.2700004577637 11.1000003814697 12.210000038147 12.8999996185303 13.3000001907349 17.0100002288818 19.5900001525879 24.9500007629395 29.5300006866455 31.2000007629395 25.6599998474121 25.2199993133545 25.2700004577637 23.7900009155273 17.1100006103516 13.0100002288818 13.460000038147 12.8999996185303 14.9700002670288 17.3799991607666 18.9799995422363 20.3899993896484 20.4599990844727 18.6800003051758 18.0100002288818 17.0100002288818 16.4400005340576 16.8099994659424 18.4899997711182 19.5 19.5 19.8299999237061 20.1299991607666 20.8799991607666
21.7800006866455 21.2099990844727 20.2800006866455 17.25 15.8699998855591 15.8100004196167 15.6599998474121 14.9700002670288 15.75 14.7600002288818 13.5 12.0900001525879 11.460000038147 10.6700000762939 8.10999965667725 4.96999979019165 5.59000015258789 9.77000045776367 10.6300001144409 11.3900003433228 12.1800003051758 12.7399997711182 13.1400003433228 15.710000038147 20.75 27.8400001525879 28.7900009155273 27.4300003051758 26.6299991607666 24.7600002288818 21.6900005340576 14.9200000762939 13.4499998092651 12.960000038147 15.0600004196167 20.3600006103516 22.5100002288818 21.9300003051758 21.3999996185303 21.2399997711182 19.7000007629395 19.6200008392334 18.5499992370605 16.4799995422363 16.8500003814697 18.4200000762939 19.6000003814697 19.5 19.8199996948242 20.1800003051758 20.7800006866455
21.4099998474121 20.8899993896484 20.4300003051758 16.3199996948242 17.2999992370605 20.9699993133545 21.75 18.1499996185303 17.1299991607666 16.6200008392334 14.4399995803833 13.1899995803833 12.2799997329712 11.0299997329712 8.89000034332275 5.23000001907349 5.09000015258789 8.32999992370605 10.710000038147 10.6300001144409 11.0699996948242 11.7200002670288 11.6999998092651 12.7700004577637 16.75 21.7900009155273 23.25 22.1700000762939 20.3799991607666 16.3500003814697 13.1599998474121 13.5500001907349 14.039999961853 14.3900003433228 18.9599990844727 23.5900001525879 24.5100002288818 22.4799995422363 21.5900001525879 20.0900001525879 21.8099994659424 22.0900001525879 20.9300003051758 19.2999992370605 18.1299991607666 18.5400009155273 19.4799995422363 19.6200008392334 19.7399997711182 19.8799991607666 20.6499996185303
21.5200004577637 21.0100002288818 19.5599994659424 17.9200000762939 22.4699993133545 23.9099998474121 24.6499996185303 24.0499992370605 20.9899997711182 21.0400009155273 19.4500007629395 15.9300003051758 13.3400001525879 12.2299995422363 10.0200004577637 6.01000022888184 4.78999996185303 5.59999990463257 8.52000045776367 9.98999977111816 10.0900001525879 10.289999961853 10.7700004577637 11.6700000762939 12.0900001525879 17.8500003814697 18.5499992370605 18.3299999237061 16.6000003814697 13.1199998855591 13.4200000762939 13.9700002670288 16.7199993133545 16.2000007629395 20.7199993133545 24.3899993896484 22.4300003051758 21.5699996948242 22.2399997711182 23.3199996948242 24.0699996948242 23.7299995422363 23.1700000762939 21.4699993133545 19.8700008392334 19.0200004577637 19.0599994659424 19.3199996948242 19.6200008392334 19.9099998474121 20.9599990844727
21.6499996185303 21.3199996948242 20.9699993133545 21.1499996185303 24.6900005340576 26.0699996948242 25.7199993133545 25.4099998474121 24.8099994659424 24.2199993133545 23.6299991607666 19.6499996185303 17.2099990844727 13.4399995803833 11.0500001907349 6.98999977111816 5 4.96999979019165 8.34000015258789 10.1000003814697 10.0500001907349 10.0699996948242 10.2200002670288 11.7700004577637 11.9700002670288 12.3999996185303 14 13.9300003051758 13.2700004577637 13.289999961853 14.25 18.0200004577637 18.7000007629395 16.2600002288818 19 21.2299995422363 21.6100006103516 22.2299995422363 25.3099994659424 25.8600006103516 24.4799995422363 24.3600006103516 24.3700008392334 23.9799995422363 19.3299999237061 17.7000007629395 18.3700008392334 19.0400009155273 19.8199996948242 20.9599990844727 21.7600002288818
21.7700004577637 21.8400001525879 21.7700004577637 25.2099990844727 26.5300006866455 27.2099990844727 27.1100006103516 26.9099998474121 26.7299995422363 26.5 26.2900009155273 22.2900009155273 18.9500007629395 14.8000001907349 11.5200004577637 7.8899998664856 4.80000019073486 5.84999990463257 10.0699996948242 10 10.3599996566772 10.5699996948242 11.0699996948242 12.1499996185303 12.8800001144409 12.6000003814697 12.8699998855591 13.7600002288818 15.0900001525879 17.3600006103516 19.6499996185303 19.1599998474121 17.2900009155273 17.25 20 22.8099994659424 25.5699996948242 27.8999996185303 28.1299991607666 27.0699996948242 25.9599990844727 25.9799995422363 22.8299999237061 19.5300006866455 17.5599994659424 17 17.6800003051758 18.6000003814697 19.8700008392334 21.3700008392334 22.3500003814697
21.1399993896484 21.1800003051758 23.75 24.9400005340576 27.0300006866455 27.8999996185303 28.7900009155273 28.6800003051758 28.6100006103516 27.6800003051758 26.6800003051758 23.9099998474121 18.9699993133545 15.3000001907349 11.8000001907349 8.15999984741211 5.15000009536743 5.6399998664856 9.80000019073486 10.1999998092651 10.7799997329712 11.3100004196167 12.0500001907349 13.0900001525879 13.3199996948242 14.3999996185303 17.0100002288818 18.8400001525879 20.8099994659424 21.5400009155273 20.1599998474121 17.6599998474121 17.7999992370605 19.3700008392334 21.8199996948242 28.2299995422363 29.9699993133545 29.5699996948242 28.6000003814697 28.8899993896484 25.8899993896484 19 15.3100004196167 15.4799995422363 16.3199996948242 16.4500007629395 16.8099994659424 18.0900001525879 19.0300006866455 20.2000007629395 21.0100002288818
22 21.1700000762939 22.1700000762939 26.0599994659424 27.8500003814697 28.7299995422363 28.9699993133545 29.5200004577637 30.1900005340576 28.7600002288818 27.0799999237061 24.3099994659424 20.5699996948242 15.9200000762939 11.0799999237061 8.76000022888184 5.78000020980835 4.98000001907349 8 10.7299995422363 11.0699996948242 11.9499998092651 12.6999998092651 13.8599996566772 16.9500007629395 20.6499996185303 22.5900001525879 23.6000003814697 23.0799999237061 19.4500007629395 17.8500003814697 17.6599998474121 18.8899993896484 21.2399997711182 27.8299999237061 33.939998626709 35.9700012207031 32.9000015258789 28.3799991607666 25.9699993133545 19.2099990844727 14.3299999237061 14.6400003433228 15.8199996948242 16.5 16.4300003051758 16.9699993133545 17.6000003814697 18.2199993133545 18.7700004577637 19.0799999237061
21.2399997711182 21.9699993133545 21.0799999237061 21.7199993133545 29.3899993896484 33.2799987792969 31.8299999237061 31.3400001525879 31.3899993896484 31.5799999237061 28.0499992370605 24.2700004577637 21.7199993133545 15 10.6599998474121 10.0200004577637 7.40000009536743 5 6.55000019073486 10.039999961853 11.1000003814697 12.1099996566772 13.0200004577637 14.4799995422363 20.3899993896484 24.2000007629395 26.8400001525879 25.7399997711182 23.9899997711182 22.0799999237061 20.7999992370605 19.9099998474121 22.1000003814697 27.2700004577637 32.2200012207031 37.1199989318848 37.060001373291 31.0499992370605 24.2999992370605 20.1499996185303 14.8400001525879 15.4200000762939 15.6400003433228 16.2399997711182 16.5 16.4400005340576 17.1399993896484 17.9200000762939 18.5300006866455 19.25 19.8899993896484
