2020_iah-belgium_abitm/a-brief-introduction-to-modelmuse_data-based-modelling/data/quaternary-bottom.asc
NCOLS 350 
NROWS 276 
XLLCORNER 193000 
YLLCORNER 178300 
CELLSIZE 100 
NODATA_value -9999 
[rows 184 to 206 of 276, columns 0 to 50 of 350]
30.5599994659424 25.0300006866455 22.2999992370605 21.4599990844727 21.8600006103516 21.8099994659424 21.5 20.7700004577637 16.6299991607666 19.3999996185303 20.4899997711182 16.7800006866455 15.3800001144409 14.4899997711182 12.1300001144409 8.6899995803833 4.03000020980835 6.51000022888184 10.5 11.8299999237061 14.9300003051758 22.5900001525879 32.2799987792969 38.3899993896484 37.689998626709 37.6500015258789 39.2599983215332 41.5400009155273 45.0400009155273 48 51.9300003051758 54.1300010681152 55.4700012207031 51.0400009155273 50.4799995422363 47.7099990844727 55.7200012207031 58.8300018310547 55.6399993896484 45.4300003051758 31.7299995422363 28.7399997711182 22.3799991607666 23.7800006866455 20.8199996948242 21.1900005340576 27.9400005340576 33.3699989318848 45.1500015258789 48.9300003051758 51.6100006103516
29.3999996185303 26.5599994659424 24 23.2299995422363 23.1800003051758 22.2600002288818 21.8299999237061 17.6800003051758 16.2999992370605 22.6000003814697 22.0699996948242 21.4500007629395 16.6399993896484 14.7399997711182 13.3400001525879 9.78999996185303 3.98000001907349 4.67000007629395 9.23999977111816 10.5200004577637 12.4499998092651 15.8000001907349 26.4200000762939 36.5400009155273 34.7000007629395 36.2700004577637 41.4300003051758 45.7700004577637 47.0699996948242 49.0499992370605 52.3400001525879 56.6199989318848 58.1699981689453 49.25 44.6699981689453 53.810001373291 60.0699996948242 57.7299995422363 42.439998626709 28.2999992370605 24.9799995422363 19.5200004577637 15.710000038147 14.4399995803833 13.6099996566772 15.1999998092651 16.0100002288818 19.4699993133545 29.3799991607666 41.5999984741211 46.689998626709
32.2999992370605 29.9899997711182 27.8500003814697 25.6000003814697 23.8999996185303 22.2399997711182 19.1499996185303 16.7099990844727 19.7900009155273 22.4300003051758 22.8400001525879 22.7299995422363 21.8099994659424 18.5699996948242 14.460000038147 11.6499996185303 5.80999994277954 3.19000005722046 7.78000020980835 9.56999969482422 11.6499996185303 12.8900003433228 15.960000038147 21.9699993133545 32.5699996948242 43.1800003051758 46.2599983215332 51.7999992370605 52.7299995422363 50.4500007629395 40.5 53.9099998474121 52.8800010681152 41.5999984741211 38.2900009155273 54.5200004577637 40.5299987792969 25.1000003814697 21.7199993133545 18.9099998474121 16.6100006103516 14.3599996566772 13.3100004196167 12.039999961853 9.1899995803833 7.32999992370605 7.09999990463257 9.52000045776367 16.0599994659424 29.25 36.0800018310547
34 32.2700004577637 28.1900005340576 24.6100006103516 22.2800006866455 19.9300003051758 18.5400009155273 18.7000007629395 20.9699993133545 22.3199996948242 23.7700004577637 23.9400005340576 24.1100006103516 23.2299995422363 19.3099994659424 13.8100004196167 6.44999980926514 2.21000003814697 5.65000009536743 8.77999973297119 11.1000003814697 11.460000038147 13.7200002670288 16.3600006103516 23.3899993896484 38.4300003051758 49.5499992370605 57.0999984741211 53.9599990844727 52.5900001525879 46.7000007629395 42.5499992370605 41.9700012207031 27.7999992370605 32.1500015258789 22.8799991607666 19.2700004577637 16.7199993133545 15.1999998092651 14.0200004577637 13.0799999237061 11.7299995422363 8.35000038146973 6.07000017166138 6.65999984741211 7.44000005722046 8.57999992370605 8.17000007629395 7.1399998664856 13.789999961853 23.4099998474121
32.0699996948242 29.2999992370605 26.0599994659424 23.2299995422363 20.6200008392334 19.2000007629395 19.1299991607666 21.0499992370605 21.6900005340576 23.9599990844727 25.0200004577637 26.0799999237061 27.4500007629395 27.7399997711182 26.6399993896484 21.7299995422363 8.59000015258789 2.83999991416931 4.09000015258789 8.39999961853027 10.5500001907349 11.4899997711182 12.6199998855591 13.3699998855591 14.1999998092651 16.4099998474121 25.1299991607666 32.5999984741211 35.2700004577637 37.9700012207031 29.8700008392334 20.4200000762939 17.7000007629395 17.4699993133545 16.3500003814697 15.4499998092651 14.8900003433228 13.7600002288818 12.4499998092651 11.0100002288818 8.22999954223633 5.26999998092651 5.84000015258789 8 9.67000007629395 10.6400003433228 11.6499996185303 12.4099998474121 9.69999980926514 6.6399998664856 13.210000038147
30.9599990844727 27.5599994659424 25.25 23.2900009155273 21.0900001525879 19.3700008392334 20.2299995422363 22.6499996185303 23.4400005340576 25.7199993133545 28.7700004577637 30 32.5800018310547 33.7700004577637 33.7000007629395 34.1399993896484 13.4899997711182 3.07999992370605 1.36000001430511 6.07999992370605 9.85999965667725 11.4399995803833 11.6999998092651 12.2200002670288 12.210000038147 11.4099998474121 12.8500003814697 14.3199996948242 13.9099998474121 13.7600002288818 13.5299997329712 12.8299999237061 13.1999998092651 13.9099998474121 13.7399997711182 13.0500001907349 12.5699996948242 11.1800003051758 8.38000011444092 5.57999992370605 5.30999994277954 7.5 9.39000034332275 10.9300003051758 11.4200000762939 11.6199998855591 11.5699996948242 11.5500001907349 11.9399995803833 8.1899995803833 5.55999994277954
33.6500015258789 30.7000007629395 26.4799995422363 23.7999992370605 21.5100002288818 20.1100006103516 22.7900009155273 25.2700004577637 25.9099998474121 28.8299999237061 33.810001373291 36.1500015258789 37.7900009155273 39.5499992370605 42.6800003051758 40.4900016784668 21.7600002288818 5.82000017166138 1.66999995708466 2.02999997138977 6.23000001907349 9.44999980926514 9.96000003814697 10.8100004196167 10.5 9.39999961853027 10.0799999237061 10.0799999237061 10.1199998855591 10.1700000762939 10.1499996185303 10.6099996566772 11.5699996948242 12.2399997711182 11.789999961853 10.7799997329712 8.89000034332275 6.21000003814697 4.82000017166138 6.80999994277954 9.35000038146973 11.1599998474121 12.5900001525879 13.6599998474121 13.7200002670288 13.5900001525879 12.539999961853 11.8199996948242 11.8100004196167 10.6499996185303 5.53000020980835
37.7099990844727 32.8800010681152 27.5799999237061 24.8999996185303 22.1000003814697 21.4500007629395 23.7399997711182 29.1100006103516 28.4899997711182 30.6499996185303 35.9300003051758 39.310001373291 40.2299995422363 43.0999984741211 45.2400016784668 45.6699981689453 33.8899993896484 17.4799995422363 3.49000000953674 1.74000000953674 2.50999999046326 6.07000017166138 7.94000005722046 9.90999984741211 8.90999984741211 7.65999984741211 8.34000015258789 7.28000020980835 6.42000007629395 5.32000017166138 4.94000005722046 5.90000009536743 7.1100001335144 6.98000001907349 6.17999982833862 5.34999990463257 4.69999980926514 6.01999998092651 9.40999984741211 11.789999961853 12.8199996948242 13.5600004196167 13.8299999237061 14.1899995803833 13.7299995422363 13.789999961853 13.3000001907349 12.460000038147 11.4700002670288 10.5100002288818 9.61999988555908
37.4199981689453 32.1300010681152 28.7900009155273 25.6100006103516 23.7700004577637 23.4300003051758 24.3500003814697 25.3799991607666 26.5400009155273 31.8199996948242 35.3699989318848 38.4799995422363 40.8199996948242 44.4900016784668 45.4900016784668 42.1399993896484 34.5800018310547 28.6200008392334 12.4099998474121 2.97000002861023 1.63999998569489 1.88999998569489 3.76999998092651 5.32999992370605 5.3600001335144 3.35999989509583 3.15000009536743 3.21000003814697 4.55999994277954 5.98999977111816 5.76000022888184 5.57000017166138 5.05000019073486 5.19999980926514 5.82999992370605 7.40000009536743 9.78999996185303 12.9200000762939 16.7399997711182 17.5 15.7299995422363 14.1000003814697 14.9099998474121 14.5200004577637 13.789999961853 13.5600004196167 13.1700000762939 12.8299999237061 12.3699998855591 11.3599996566772 10.6599998474121
34.0900001525879 30.9799995422363 29.2000007629395 26.7800006866455 26.5599994659424 26.0900001525879 27.9799995422363 27.6399993896484 25.8799991607666 32.3699989318848 36.2700004577637 41.5800018310547 43.5900001525879 46.2599983215332 47.310001373291 46.6599998474121 43.9199981689453 38.3499984741211 39.7299995422363 27.5499992370605 11.1400003433228 5.88000011444092 5.88000011444092 5.09000015258789 4.84000015258789 3.78999996185303 4.53000020980835 8.35999965667725 10.8599996566772 11.9300003051758 12.5200004577637 12.210000038147 11.3100004196167 10.7700004577637 11.9200000762939 13.1300001144409 15.6700000762939 19.3199996948242 21.7199993133545 21.0900001525879 17.1900005340576 14.8900003433228 15.1899995803833 14.960000038147 13.9899997711182 13.6999998092651 12.2700004577637 13.0500001907349 12.6899995803833 12.2399997711182 12.0500001907349
35.6100006103516 34.3800010681152 31.7299995422363 29.1599998474121 28.6599998474121 28.9799995422363 30.6900005340576 30.5799999237061 26.9599990844727 31.8800010681152 41.5 46.8600006103516 48.060001373291 48.689998626709 49.6199989318848 50.0400009155273 50.3199996948242 49.0699996948242 49.6399993896484 48.5499992370605 41.3400001525879 34.5800018310547 26.8199996948242 21.7000007629395 18.7299995422363 16.6200008392334 16.0599994659424 15.9399995803833 15.1999998092651 15.3299999237061 15.8599996566772 16.2000007629395 16.3500003814697 16.3199996948242 17.5200004577637 20.4599990844727 23.4200000762939 26.3899993896484 30.8600006103516 35.0999984741211 40.6500015258789 23.3600006103516 15.9799995422363 14.7600002288818 13.8599996566772 12.5600004196167 11.460000038147 12.9399995803833 13.1000003814697 12.7799997329712 12.6700000762939
40.4500007629395 37.4099998474121 34.7200012207031 32.5099983215332 32.189998626709 32.7200012207031 33.3800010681152 34.6399993896484 31.5400009155273 27.3099994659424 44.9500007629395 49.4199981689453 50.1699981689453 52.4000015258789 56.1500015258789 56.5800018310547 52.9799995422363 51.4300003051758 52.1500015258789 52.1199989318848 52.4700012207031 54.9500007629395 55.5800018310547 53.1100006103516 48.8499984741211 50.3899993896484 52.0499992370605 45.6199989318848 26.7299995422363 21.4099998474121 20.6700000762939 20.6399993896484 20.8099994659424 21.3400001525879 23.8799991607666 26.6200008392334 30.0400009155273 35.939998626709 40.6500015258789 44.0099983215332 45.8600006103516 40.3300018310547 27.0100002288818 23.4799995422363 17.4200000762939 15.1800003051758 12.3800001144409 11.8400001525879 12.8000001907349 13.6999998092651 17.0900001525879
44.3400001525879 41.8499984741211 39.3300018310547 38.3199996948242 36.2700004577637 35.2999992370605 36.6100006103516 40.060001373291 36.7000007629395 28.9899997711182 35.6300010681152 45.5499992370605 50.8499984741211 52.8899993896484 53.7400016784668 52.6699981689453 51.6500015258789 51.5900001525879 52.5 55.939998626709 60.7999992370605 61.6500015258789 64.5999984741211 65.7099990844727 65.9499969482422 66.4100036621094 63.4799995422363 57.8199996948242 41.8300018310547 30.6299991607666 27.4300003051758 28.0699996948242 27.7399997711182 30.0599994659424 34.2299995422363 40 44.8600006103516 46.75 48.060001373291 50.0400009155273 47.0400009155273 39.7999992370605 38.0099983215332 52.8699989318848 51.4900016784668 42.6100006103516 18.5699996948242 16.7900009155273 15.1400003433228 18.2099990844727 22.2600002288818
-9999 45.75 43.9500007629395 41.9799995422363 39.1300010681152 37.9700012207031 40 42.4000015258789 37.2200012207031 30.5699996948242 35.189998626709 45.5400009155273 50.0800018310547 50.75 50.689998626709 50.5699996948242 51.2099990844727 51.5099983215332 52.3899993896484 56.1699981689453 58.6399993896484 61.2599983215332 64.6900024414062 65.9499969482422 66.2900009155273 65.2200012207031 60.75 54.9500007629395 43.9900016784668 33.6500015258789 32.5900001525879 39.6500015258789 34.9500007629395 41.939998626709 47.9300003051758 50.5400009155273 52.5 53.8800010681152 56.2200012207031 53.3600006103516 48.5499992370605 38.9300003051758 44.1699981689453 56.3600006103516 55.1699981689453 48.4599990844727 47.810001373291 36.060001373291 25.1299991607666 24.9799995422363 24.8299999237061
-9999 45.9300003051758 46.6699981689453 44.4700012207031 42.2400016784668 42.7400016784668 44.439998626709 45.1599998474121 37.939998626709 29.6499996185303 40.2200012207031 45.3400001525879 49.1500015258789 49.5499992370605 50.5200004577637 49.8600006103516 50.5800018310547 51.5 51.7000007629395 54.5499992370605 56.4000015258789 60.1100006103516 62.5800018310547 61.1599998474121 58.9799995422363 59.8300018310547 59.189998626709 53.7900009155273 47.1300010681152 41.060001373291 41.0299987792969 44.2000007629395 43.0099983215332 47.4000015258789 51.2700004577637 54.6399993896484 56.7799987792969 57.75 58.5400009155273 52.2299995422363 45.4900016784668 38.7299995422363 45.7999992370605 53.9300003051758 56.1500015258789 56.7599983215332 47 47.3899993896484 34.7000007629395 26.1399993896484 23.3799991607666
-9999 42.9000015258789 46.5699996948242 46.7999992370605 45.0999984741211 45.4099998474121 46.5999984741211 46.7200012207031 36.9700012207031 30.8700008392334 38.3499984741211 43.1300010681152 43.7099990844727 41.1300010681152 42.7099990844727 45.5499992370605 49.6800003051758 49.5099983215332 49.6699981689453 54.8899993896484 59.4700012207031 63.060001373291 59.7099990844727 55.7700004577637 55.5900001525879 57.7999992370605 56.1199989318848 51.9900016784668 46.9500007629395 45.8699989318848 45.8499984741211 45.7400016784668 48.1800003051758 51.5400009155273 54.6399993896484 55.6500015258789 57.1300010681152 57.4900016784668 54.0999984741211 43.7000007629395 35.2299995422363 31.7800006866455 39.3400001525879 43.0999984741211 48.8699989318848 45.5299987792969 41.0099983215332 31.2900009155273 33.6699981689453 25.3600006103516 21.5100002288818
-9999 41.25 41.7200012207031 46.3300018310547 46.5299987792969 47.7799987792969 49.310001373291 46.9199981689453 39.1399993896484 31.8799991607666 32.8899993896484 36.7900009155273 36.1800003051758 36.5299987792969 39.8199996948242 42.060001373291 44.9500007629395 44.5999984741211 48.5299987792969 58.1800003051758 62.7400016784668 59.8499984741211 55.2000007629395 53.8400001525879 50.25 50.1699981689453 50.3600006103516 49.8300018310547 48.7000007629395 48.0099983215332 48.3699989318848 49.9000015258789 52.3199996948242 54.4900016784668 57.2900009155273 58.1699981689453 57.310001373291 54.560001373291 44.5099983215332 33.2299995422363 28.3999996185303 27.5799999237061 29.2099990844727 37.2700004577637 39.4199981689453 34.9000015258789 31.7000007629395 28.3400001525879 24.4400005340576 21.2199993133545 21.75
-9999 -9999 41.3300018310547 41.5200004577637 44.7099990844727 47.1199989318848 48.189998626709 46.0099983215332 40.8699989318848 32.8300018310547 31.8899993896484 33.2000007629395 34.1399993896484 35.0800018310547 36.689998626709 38.9000015258789 41.5800018310547 42.3499984741211 44.1599998474121 48.6399993896484 46.3899993896484 48.7599983215332 51.0200004577637 49.3499984741211 48.3899993896484 48.5900001525879 48.7200012207031 49.4000015258789 50.2099990844727 52.9000015258789 53.9500007629395 53.5900001525879 55.8300018310547 58.3400001525879 59.4199981689453 55.8199996948242 51.0400009155273 46.7999992370605 36.2400016784668 29.1200008392334 26.1399993896484 24.7800006866455 25.8999996185303 26.5400009155273 27.6299991607666 26.5 24.9500007629395 21.4099998474121 22.1399993896484 21.75 21.8299999237061
-9999 -9999 40.4599990844727 39.0200004577637 39.7700004577637 42.9700012207031 46.9000015258789 41.3699989318848 35.4099998474121 33.2900009155273 33.4799995422363 34.5499992370605 35.2900009155273 37.2099990844727 38.560001373291 39.9599990844727 41.1599998474121 41.25 42.2999992370605 43.5200004577637 46.5200004577637 47.3199996948242 48.4300003051758 48.25 49 48.8199996948242 49.0099983215332 49.5200004577637 50.3800010681152 54.5699996948242 58.3800010681152 57.0400009155273 52.9099998474121 51.4599990844727 50.1800003051758 49.3600006103516 46.7799987792969 38.189998626709 30.2099990844727 26.6700000762939 24.5300006866455 23.8500003814697 23.8600006103516 23.1700000762939 22.2299995422363 22.1499996185303 21.6299991607666 22.4300003051758 22.5400009155273 21.9699993133545 22
-9999 -9999 40.0400009155273 38.4300003051758 37.4900016784668 37.5900001525879 37.5699996948242 38.0999984741211 37.7099990844727 37.2599983215332 37.8600006103516 39.1300010681152 39.9300003051758 42.0400009155273 44.2999992370605 43.7900009155273 43.2599983215332 43.3499984741211 46.6100006103516 48.3400001525879 48.5999984741211 48.8699989318848 48.7200012207031 49.0400009155273 49.7999992370605 50.1399993896484 50.5999984741211 50.0699996948242 49.1500015258789 47.8400001525879 47.9199981689453 46.2700004577637 44.4199981689453 43.1699981689453 45.6300010681152 46.0200004577637 43.4500007629395 32.1399993896484 27.0200004577637 24.1299991607666 23.1399993896484 22.1800003051758 22.0400009155273 22.6700000762939 22.6800003051758 22.9699993133545 23.4599990844727 23.7900009155273 23.2800006866455 22.1900005340576 21.8600006103516
-9999 -9999 40.6100006103516 38.8400001525879 37.2400016784668 37.0099983215332 39.8300018310547 42.3300018310547 41.8400001525879 40.9300003051758 42.4099998474121 45.4500007629395 44.7099990844727 46.4599990844727 49.1300010681152 48.5499992370605 47.5400009155273 48.8300018310547 51.8699989318848 51.9500007629395 51.3300018310547 50.3600006103516 50.5699996948242 51.8899993896484 51.5400009155273 51.5800018310547 51.7099990844727 50.6399993896484 48.1500015258789 46.1100006103516 43.060001373291 39.8199996948242 37.6300010681152 34.4099998474121 32.8699989318848 31.0400009155273 27.7700004577637 25.5 24.1399993896484 23.1100006103516 22.6499996185303 23.3400001525879 24 24 24 24 23.5900001525879 23.2800006866455 22.2999992370605 21.1800003051758 21.1900005340576
-9999 -9999 -9999 40.2400016784668 39.5 39.6699981689453 41.689998626709 45.0499992370605 44.8199996948242 44.2799987792969 45.5 47.4799995422363 47.25 47.560001373291 49.1199989318848 50.2099990844727 50.6800003051758 50.1100006103516 50.6399993896484 50.5800018310547 51.7999992370605 52.2200012207031 53.3300018310547 53.5400009155273 52.560001373291 51.7999992370605 51.7999992370605 50.4599990844727 47.7599983215332 44 40.7200012207031 35.4599990844727 32.3199996948242 31.8600006103516 35.3300018310547 35.9500007629395 33.0099983215332 28.2000007629395 24.6100006103516 23.7299995422363 23.5799999237061 24 24 24 24 24 23.5 21.9799995422363 21.3099994659424 21.0300006866455 21.2800006866455
-9999 -9999 -9999 42.0200004577637 41.7700004577637 42.3600006103516 44.2200012207031 47.0800018310547 47.7700004577637 47.560001373291 47.939998626709 49.3899993896484 49.939998626709 49.060001373291 49.1599998474121 50.8300018310547 51.4300003051758 52.1699981689453 52.3199996948242 52.8600006103516 53.9799995422363 55.4199981689453 56.2099990844727 53.6199989318848 52.9199981689453 51.7099990844727 51.0200004577637 48.5200004577637 45.1100006103516 41.810001373291 38.7700004577637 39.1500015258789 37.7599983215332 38.9500007629395 44.7099990844727 43.7000007629395 40.5800018310547 32.6100006103516 26.8600006103516 24.5499992370605 23.5799999237061 24 24 24 23.7299995422363 22.7600002288818 21.9300003051758 20.9799995422363 20.7000007629395 20.6100006103516 21.1800003051758
