2020_iah-belgium_abitm/a-brief-introduction-to-modelmuse_data-based-modelling/data/quaternary-bottom.asc
NCOLS 350 
NROWS 276 
XLLCORNER 193000 
YLLCORNER 178300 
CELLSIZE 100 
NODATA_value -9999 
[rows 138 to 160 of 276, columns 153 to 203 of 350]
27.8099994659424 27.8999996185303 27.7800006866455 28.2900009155273 28.4599990844727 27.5699996948242 27.3899993896484 26.7800006866455 26.9599990844727 26.9400005340576 26.9400005340576 26.9400005340576 26.9400005340576 26.9500007629395 26.8600006103516 26.9200000762939 26.9899997711182 27 27.0400009155273 27.1700000762939 27.2800006866455 27.5400009155273 27.8700008392334 28.4099998474121 28.7999992370605 28.9400005340576 29.1800003051758 29.2999992370605 29.3600006103516 29.5 29.5 29.3600006103516 29.5799999237061 30.3799991607666 31.3299999237061 31.8799991607666 32.0800018310547 32.2099990844727 32.2700004577637 32.3699989318848 32.8699989318848 33.4199981689453 33.8800010681152 34.1800003051758 34.5 34.5 34.4599990844727 34.75 35.1800003051758 35.5400009155273 35.8499984741211
27.4300003051758 26.9300003051758 26.2099990844727 25.8400001525879 25.4799995422363 25.8600006103516 26.2000007629395 26.6599998474121 26.6100006103516 26.75 26.7999992370605 26.8099994659424 26.8099994659424 26.6900005340576 26.7399997711182 26.7800006866455 26.9099998474121 27.0200004577637 27 26.9799995422363 27.0400009155273 27.1800003051758 27.4400005340576 27.7600002288818 28.0699996948242 28.4599990844727 28.7700004577637 29.0300006866455 29.2600002288818 29.5 29.5 29.5 29.4799995422363 30.5200004577637 31.4699993133545 32.189998626709 32.2999992370605 32.5200004577637 32.7200012207031 32.9500007629395 33.4199981689453 33.8300018310547 34.0400009155273 34.25 34.2299995422363 34.4199981689453 34.8699989318848 35.4199981689453 35.8800010681152 36.25 36.7000007629395
26.7999992370605 25.6900005340576 24.5699996948242 24.0400009155273 24.7299995422363 25.6299991607666 25.9799995422363 26.2099990844727 26.2000007629395 26.2299995422363 26.2600002288818 26.4300003051758 26.4899997711182 26.5100002288818 26.5799999237061 26.6599998474121 26.7399997711182 26.8400001525879 26.8700008392334 26.8799991607666 26.8999996185303 26.8700008392334 27.0400009155273 27.2600002288818 27.5400009155273 28.0300006866455 28.4699993133545 28.7999992370605 29.1499996185303 29.5 29.5 29.3199996948242 29.8799991607666 30.9599990844727 31.9400005340576 32.2099990844727 32.5099983215332 32.8199996948242 33.1599998474121 33.560001373291 34.0299987792969 34.310001373291 34.4700012207031 34.560001373291 34.9000015258789 35.4700012207031 35.8199996948242 36.1800003051758 36.7400016784668 37.2999992370605 38.2299995422363
26.0200004577637 24.8199996948242 24.3600006103516 24.2700004577637 24.7800006866455 25.2399997711182 25.5900001525879 25.8600006103516 25.9599990844727 25.9300003051758 25.9799995422363 26.2700004577637 26.2999992370605 26.3400001525879 26.4200000762939 26.5200004577637 26.6399993896484 26.7099990844727 26.7999992370605 26.7399997711182 26.7800006866455 26.9099998474121 27 26.9200000762939 27.1200008392334 27.6900005340576 28.2800006866455 28.75 29.5 29.5 29.2999992370605 29.5599994659424 30.4200000762939 31.4400005340576 32.1699981689453 32.3300018310547 32.7000007629395 33.0900001525879 33.5099983215332 33.9900016784668 34.4700012207031 34.5699996948242 34.5 34.7700004577637 35.8199996948242 37.0800018310547 37.189998626709 37.4500007629395 37.8300018310547 38.8600006103516 40.3600006103516
25.3400001525879 24.4599990844727 24.4400005340576 24.5100002288818 24.6900005340576 25.0699996948242 25.2800006866455 25.5 25.7199993133545 25.8799991607666 26 26.0300006866455 26.0699996948242 26.1200008392334 26.2399997711182 26.3400001525879 26.4599990844727 26.5599994659424 26.6900005340576 26.7700004577637 26.8099994659424 26.8500003814697 27 27 26.9699993133545 27.5400009155273 28.2399997711182 28.6200008392334 29.1800003051758 29.2000007629395 29.6200008392334 30.2800006866455 31.0699996948242 31.8700008392334 32 32.3499984741211 33 33.3600006103516 33.7000007629395 34.310001373291 34.4900016784668 34.5 34.4099998474121 34.8699989318848 36.8800010681152 38.0200004577637 38.4500007629395 39.0400009155273 39.5499992370605 40.2400016784668 41.0099983215332
24.5300006866455 24.4099998474121 24.4699993133545 25.0699996948242 25.1900005340576 26.0400009155273 26.1800003051758 26.1499996185303 25.7800006866455 25.6599998474121 25.6900005340576 25.7800006866455 25.8199996948242 25.8700008392334 26.0200004577637 26.1399993896484 26.2800006866455 26.3999996185303 26.5599994659424 26.7000007629395 26.7600002288818 26.8400001525879 27 27 26.9400005340576 27.6200008392334 28.3600006103516 28.9400005340576 29.1700000762939 29.5699996948242 30.3199996948242 31.1200008392334 31.7399997711182 32.0999984741211 32 32.4900016784668 32.8899993896484 33.3199996948242 33.75 34.2599983215332 34.4099998474121 34.4900016784668 35.4300003051758 36.9799995422363 38.2999992370605 39.1500015258789 39.8600006103516 40.4900016784668 41.0299987792969 41.2000007629395 42.2000007629395
24.5 24.3999996185303 25.2299995422363 26.1599998474121 26.7800006866455 26.9500007629395 27.0100002288818 26.9899997711182 26.6299991607666 26.4200000762939 26.1800003051758 25.8500003814697 25.7399997711182 25.7700004577637 25.9400005340576 26.0699996948242 26.1800003051758 26.25 26.4300003051758 26.6000003814697 26.7199993133545 26.8400001525879 27 26.75 27.1599998474121 28.0400009155273 28.8099994659424 29.3799991607666 29.75 30.2099990844727 31.0300006866455 31.9799995422363 32.1199989318848 32 32 32.4900016784668 32.8699989318848 33.3400001525879 33.7799987792969 34.2299995422363 34.8400001525879 36.2599983215332 38.0099983215332 39.060001373291 39.5499992370605 39.9300003051758 40.6100006103516 41.0499992370605 42.2000007629395 43.1500015258789 43.8800010681152
24.2900009155273 25.3299999237061 26.7000007629395 27.5400009155273 27.9599990844727 27.8500003814697 27.5599994659424 27.3400001525879 26.9200000762939 26.8999996185303 26.5100002288818 26.1100006103516 25.7900009155273 25.7099990844727 25.8600006103516 25.9799995422363 26.0499992370605 26.0900001525879 26.3099994659424 26.5200004577637 26.6900005340576 26.8600006103516 26.8299999237061 26.9799995422363 27.75 28.6900005340576 29.3099994659424 29.6200008392334 29.5 30.3199996948242 31.2299995422363 32.1100006103516 32 32 32.0900001525879 32.3400001525879 32.689998626709 33.2700004577637 34.1599998474121 35.1699981689453 36.4700012207031 37.7099990844727 38.9199981689453 39.7099990844727 40.1399993896484 40.7700004577637 41.2099990844727 42.1399993896484 43.6800003051758 44.2900009155273 44
25.4400005340576 27.2399997711182 28.4799995422363 28.8400001525879 28.6399993896484 28.0900001525879 27.5699996948242 26.7299995422363 26.7600002288818 26.7000007629395 26.3400001525879 25.9899997711182 25.7199993133545 25.4500007629395 25.6100006103516 25.7199993133545 25.75 26.0100002288818 26.2600002288818 26.4400005340576 26.6499996185303 26.8899993896484 27.0599994659424 27.5499992370605 28.4200000762939 29.3999996185303 29.5900001525879 29.5 29.7199993133545 30.1299991607666 30.8299999237061 31.6200008392334 32.060001373291 32 32.0099983215332 32.1199989318848 32.8699989318848 34.0299987792969 35.3400001525879 36.4700012207031 37.189998626709 38.1399993896484 38.939998626709 40.1100006103516 40.9900016784668 41.3400001525879 42.2999992370605 43.4799995422363 44.2700004577637 44 44.2799987792969
28.0200004577637 29.0100002288818 29.1900005340576 29.0599994659424 28.6599998474121 27.9300003051758 27.3999996185303 27.0200004577637 26.7999992370605 26.5400009155273 26.3199996948242 25.9400005340576 25.6700000762939 25.25 25 25.25 25.5799999237061 25.9200000762939 26.2099990844727 26.4500007629395 26.6900005340576 26.9099998474121 27.1200008392334 27.8600006103516 28.7399997711182 29.5300006866455 29.5 29.5 29.5400009155273 29.6499996185303 30.1599998474121 31.0100002288818 31.6499996185303 31.8899993896484 32.0299987792969 32.3199996948242 33.6599998474121 35.0699996948242 36.0200004577637 36.6800003051758 37.6399993896484 38.5099983215332 39.1399993896484 41.1100006103516 41.7999992370605 42.4700012207031 43.5699996948242 44.1500015258789 44 44.6199989318848 44.560001373291
29.2299995422363 29 29 29.1100006103516 28.2000007629395 27.3700008392334 26.8600006103516 26.4899997711182 26.4799995422363 26.3400001525879 26.1100006103516 25.75 25.4799995422363 25.2900009155273 24.7600002288818 25.0699996948242 25.4099998474121 25.75 26.0900001525879 26.4799995422363 26.7399997711182 26.9599990844727 27.2000007629395 27.7700004577637 28.4899997711182 29.1700000762939 29.5499992370605 29.5 29.5 29.3999996185303 29.6900005340576 30.5 31.2399997711182 31.7700004577637 32.4799995422363 33.2900009155273 34.6800003051758 36.0200004577637 36.5400009155273 37.1599998474121 38.1699981689453 39 40.9599990844727 41.810001373291 42.0800018310547 43.1300010681152 44.25 44 44.6599998474121 44.2999992370605 42.25
29 29 29.1700000762939 28.4099998474121 27.2800006866455 26.5699996948242 26.2900009155273 26.3700008392334 26.5 26.3199996948242 26.0300006866455 25.7399997711182 25.4699993133545 25.3299999237061 25.0200004577637 25.0100002288818 25.3700008392334 25.7199993133545 26.0799999237061 26.4300003051758 26.7900009155273 27 27.1800003051758 27.5100002288818 27.9899997711182 28.5900001525879 29.2099990844727 29.4400005340576 29.5 29.5 29.4799995422363 30.2399997711182 31.2700004577637 32.2900009155273 32.9900016784668 34.2999992370605 35.7099990844727 36.4799995422363 36.75 37.4099998474121 38.5 39.8800010681152 41.7000007629395 41.5699996948242 41.9300003051758 42.560001373291 43.4500007629395 43.4199981689453 42.0900001525879 40.5699996948242 38.3600006103516
29.2099990844727 28.7700004577637 27.9899997711182 27.0400009155273 26.3700008392334 26.4500007629395 26.3700008392334 26.5 26.5 26.3199996948242 25.9699993133545 25.7099990844727 25.5100002288818 25.2099990844727 25.1399993896484 25.3099994659424 25.5499992370605 25.9200000762939 26.2600002288818 26.5599994659424 26.8299999237061 26.9899997711182 27.0599994659424 27.1700000762939 27.3899993896484 27.9400005340576 28.6200008392334 29.5 29.4200000762939 29.5100002288818 29.8299999237061 30.8199996948242 31.9200000762939 33.0200004577637 33.7099990844727 35.25 36.4300003051758 36.5900001525879 36.689998626709 37.2999992370605 38.25 39.5099983215332 40.8499984741211 41.4099998474121 41.2000007629395 41.9199981689453 41.1399993896484 38.9599990844727 38.3400001525879 36.4900016784668 34.939998626709
27.9099998474121 27.2199993133545 26.5499992370605 26.2000007629395 26.5 26.5 26.5 26.5 26.5 26.3500003814697 26.0200004577637 25.7000007629395 25.3299999237061 25 25.2000007629395 25.4200000762939 25.7199993133545 26.0699996948242 26.3700008392334 26.6299991607666 26.8400001525879 26.9500007629395 27 27 26.8700008392334 27.4799995422363 29.3999996185303 30.2099990844727 30.4699993133545 30.9400005340576 31.3700008392334 32.0099983215332 32.8300018310547 33.4900016784668 34.0099983215332 36.2599983215332 36.6699981689453 36.5 36.5200004577637 36.5699996948242 37.5699996948242 38.810001373291 39.5900001525879 39.7200012207031 39.5 38.7099990844727 37.4199981689453 36.4900016784668 33.9500007629395 32.6800003051758 32.5
26.2999992370605 26.5 26.5 26.5 26.4599990844727 26.5 26.5 26.5 26.5 26.4099998474121 25.9799995422363 25.5400009155273 25.3400001525879 25.2600002288818 25.3400001525879 25.6100006103516 25.9500007629395 26.25 26.5100002288818 26.7199993133545 26.8700008392334 26.8899993896484 27 27 26.9200000762939 29.5799999237061 31.2599983215332 31.3899993896484 32.5999984741211 32.6599998474121 32.8600006103516 33.1800003051758 33.6399993896484 33.8699989318848 34.7200012207031 36.7400016784668 36.6199989318848 35.9199981689453 35.5699996948242 35.7700004577637 36.8300018310547 37.939998626709 38.7400016784668 38.0299987792969 37.2299995422363 35.7999992370605 33.5099983215332 32.0699996948242 31.4599990844727 31.8700008392334 31.8899993896484
26.3500003814697 26.3700008392334 26.1700000762939 25.9400005340576 26.4200000762939 26.4599990844727 26.5 26.5 26.5 26.3500003814697 25.8299999237061 25.5599994659424 25.4400005340576 25.3799991607666 25.6299991607666 25.9599990844727 26.2299995422363 26.4699993133545 26.6800003051758 26.7999992370605 26.8600006103516 26.8999996185303 27 27 27.2999992370605 31 32.4700012207031 33.5699996948242 34.1199989318848 33.8800010681152 34 33.9099998474121 34.060001373291 34.1199989318848 34.6399993896484 35.3300018310547 34.9300003051758 33.9599990844727 33.7200012207031 34.439998626709 35.8499984741211 36.0900001525879 36.1199989318848 35.4799995422363 33.9599990844727 32.1699981689453 31.0799999237061 30.5400009155273 31.3299999237061 31.4899997711182 31.6700000762939
25.5400009155273 24.6100006103516 24.4699993133545 25.8899993896484 26.5 26.5 26.5 26.5 26.5 26.0499992370605 25.7700004577637 25.6100006103516 25.5200004577637 25.6100006103516 25.9899997711182 26.2900009155273 26.5200004577637 26.7099990844727 26.8299999237061 26.8199996948242 26.8500003814697 26.9099998474121 27 27 26.9500007629395 30.8199996948242 33.060001373291 34.2700004577637 34 34 34 34 34 34.1800003051758 34.0900001525879 33.2700004577637 32.7900009155273 32.1300010681152 32.0200004577637 32.5 33.7999992370605 34.0299987792969 33.939998626709 32.1800003051758 30.3600006103516 29.8999996185303 30.0900001525879 30.1299991607666 30.7700004577637 31.1900005340576 31.2600002288818
24.0200004577637 24.4799995422363 26.0100002288818 26.5 26.5 26.5 26.5 26.5 26.0499992370605 25.7700004577637 25.7700004577637 25.6700000762939 25.7600002288818 26.0900001525879 26.3799991607666 26.5799999237061 26.7999992370605 26.9500007629395 26.9500007629395 26.9400005340576 26.8700008392334 26.9500007629395 27 27 26.9300003051758 30.8999996185303 32.5699996948242 33.2299995422363 34.1399993896484 34.2000007629395 34.3800010681152 34.4199981689453 34.310001373291 33 32.1699981689453 31.4599990844727 30.7299995422363 29.9899997711182 30 30.8199996948242 31.6800003051758 31.6700000762939 31.2999992370605 30.0400009155273 29.0300006866455 29.3799991607666 29.5200004577637 29.7700004577637 30.1000003814697 30.4799995422363 31.4899997711182
24.4500007629395 25.5200004577637 26.5 26.5 26.5 26.5 26.4300003051758 26.25 26.0799999237061 25.8500003814697 25.6700000762939 25.8600006103516 26.2000007629395 26.6000003814697 26.7700004577637 26.7299995422363 26.8400001525879 27.1299991607666 26.8999996185303 27 27 27 27 27 26.8199996948242 30.2399997711182 31.3899993896484 31.2700004577637 31.8600006103516 32.3600006103516 34.2599983215332 33.9300003051758 32.0699996948242 29.8299999237061 29.7700004577637 29.6100006103516 29.3600006103516 29.5 29.5799999237061 29.9500007629395 29.9599990844727 29.5699996948242 29.7000007629395 29.2999992370605 29.5 29.5 29.5 29.2800006866455 29.7000007629395 31.4099998474121 33.0699996948242
25.1299991607666 26.5 26.5 26.5 26.5 26.4400005340576 26.3700008392334 26.25 25.9899997711182 25.8500003814697 25.9699993133545 26.2999992370605 26.75 27.2199993133545 27.7000007629395 27.8600006103516 28.1800003051758 28.3600006103516 27.7600002288818 27.7600002288818 26.6599998474121 26.5400009155273 27.2000007629395 27.2000007629395 27.5799999237061 29.5699996948242 30.2000007629395 30.4500007629395 30.5100002288818 30.8899993896484 29.6100006103516 28.9500007629395 29.2700004577637 29.2900009155273 29.2700004577637 29.3999996185303 29.5 29.5 29.5200004577637 29.5300006866455 29.3400001525879 29.1900005340576 29.0900001525879 28.9200000762939 29.0900001525879 29.1800003051758 29.3099994659424 29.4899997711182 31.7099990844727 33.2799987792969 34.7000007629395
25.3299999237061 26.1499996185303 26.5 26.3899993896484 26.2600002288818 25.9699993133545 26.1100006103516 26.0200004577637 25.9200000762939 26.1499996185303 26.4699993133545 26.9300003051758 27.2099990844727 28.1599998474121 29.2999992370605 29.4300003051758 29.8099994659424 30.2299995422363 29.7099990844727 28.8700008392334 26.1700000762939 25.5400009155273 27.9099998474121 27.5400009155273 29.2399997711182 29.2000007629395 29.3199996948242 28.6000003814697 27.6100006103516 27.1700000762939 26.6599998474121 27.6399993896484 28.3500003814697 28.6200008392334 28.7999992370605 29.1599998474121 29.4799995422363 29.5100002288818 29.3899993896484 28.9599990844727 28.6700000762939 28.5400009155273 28.4200000762939 28.2800006866455 28.6200008392334 28.9699993133545 28.5200004577637 31.7399997711182 34.3600006103516 35.4599990844727 36.7000007629395
24.9099998474121 25.5699996948242 25.7000007629395 25.7199993133545 25.5300006866455 25.6800003051758 25.7800006866455 25.9300003051758 25.9099998474121 26.3099994659424 27.1000003814697 28.1700000762939 29.2099990844727 30.5799999237061 31.6599998474121 32.5800018310547 33.0299987792969 33.6100006103516 32.7000007629395 31.7800006866455 30.0599994659424 28.4300003051758 28.6800003051758 27.3899993896484 29.2900009155273 29 28.1100006103516 27.2000007629395 26.8500003814697 27 27 27.0799999237061 27.4599990844727 27.7700004577637 28.2000007629395 28.7199993133545 29.2299995422363 29.0400009155273 28.4300003051758 27.9799995422363 27.9300003051758 27.9099998474121 27.7600002288818 27.7299995422363 27.7099990844727 28.0100002288818 29.3999996185303 34.2999992370605 37.3400001525879 38.2799987792969 39.4500007629395
24.6299991607666 25.1100006103516 25.2299995422363 25.0300006866455 25.1000003814697 25.3999996185303 25.8600006103516 26.0499992370605 26.5900001525879 27.7800006866455 29.4400005340576 30.4899997711182 32.4700012207031 34.6199989318848 35.7799987792969 36.810001373291 37.439998626709 38.0800018310547 36.0200004577637 33.8899993896484 32.5 29.5100002288818 29.25 29.9699993133545 29.1599998474121 28.4500007629395 27.1599998474121 26.8999996185303 27 27 27 27.0100002288818 27.0400009155273 26.9899997711182 27.5 28 28.2399997711182 27.9599990844727 27.1700000762939 27.5200004577637 27.6200008392334 27.3999996185303 27.1700000762939 27.0699996948242 27.2600002288818 28.0599994659424 30.3700008392334 34.939998626709 40.8699989318848 43.7799987792969 42.5299987792969
